|0000|014|0|01122020|31122020|F¡TIMA MARIA MATTANA - ME|23878096000271||SC|257903607|4205407|ISENTO||A|1|
|0001|0|
|0005|BAMBINI CAL«ADOS|88058300|Rodovia Jo„o Gualberto Soares, 610|610||Ingleses do Rio Vermelho|4833695976|||
|0100|NOME DO CONTADOR|11111111111|123456||88058300|Rodovia Jo„o Gualberto Soares, 610|610||Ingleses do Rio Vermelho|4830252861||email@contador.com.br|4205407|
|0150|F728|TECNOTEXTIL CONFECCOES LTDA|1058|05362278000122||6942050840087|3169406||REGINA CELIA VICENTINI Nr|227||ARISTIDES VIEIRA|
|0150|F34|CAL«ADOS BEIRA RIO S/A|1058|88379771003602||4000006753|4316758||RUA ALBERTO SCHABBACH,|485||Centro|
|0150|L2|F¡TIMA MARIA MATTANA|1058|23878096000190||257872310|4205407||Rodovia Jo∆o Gualberto Soares|610||Ingleses do Rio Vermelho|
|0190|PAR|PAR|
|0190|UN|UN|
|0200|P19669|NOVOPE BOTA DOURADO/PELO.23|019669||PAR|00|48181000||48||17,00||
|0200|P19693|NOVOPE CHUMBO/ROSA.30|019693||PAR|00|48181000||48||17,00||
|0200|P19695|NOVOPE CHUMBO/ROSA.32|019695||PAR|00|48181000||48||17,00||
|0200|P19698|NOVOPE CHUMBO/ROSA.35|019698||PAR|00|48181000||48||17,00||
|0200|P19699|NOVOPE CHUMBO/ROSA.36|019699||PAR|00|48181000||48||17,00||
|0200|P2245101|DAKOTA  BOTA GARLAND PRETO|02245101||PAR|00|48181000||48||17,00||
|0200|P2248603|CLEANUP ALPARGATA PRETA|02248603||PAR|00|48181000||48||17,00||
|0200|P2248604|CLEANUP ALPARGATA PRETA|02248604||PAR|00|48181000||48||17,00||
|0200|P2248606|CLEANUP ALPARGATA PRETA|02248606||PAR|00|48181000||48||17,00||
|0200|P2248607|CLEANUP ALPARGATA PRETA|02248607||PAR|00|48181000||48||17,00||
|0200|P2248608|CLEANUP ALPARGATA PRETA|02248608||PAR|00|48181000||48||17,00||
|0200|P2248701|CLEANUP CHINELO BASIC COLORS MARINHO|02248701||PAR|00|48181000||48||17,00||
|0200|P2248702|CLEANUP CHINELO BASIC COLORS MARINHO|02248702||PAR|00|48181000||48||17,00||
|0200|P2248706|CLEANUP CHINELO BASIC COLORS MARINHO|02248706||PAR|00|48181000||48||17,00||
|0200|P2248806|CLEANUP CHINELO FLAT PTO/BCO|02248806||PAR|00|48181000||48||17,00||
|0200|P2248901|CLEANUP CHINELO VERDE AGUA|02248901||PAR|00|48181000||48||17,00||
|0200|P2248902|CLEANUP CHINELO VERDE AGUA|02248902||PAR|00|48181000||48||17,00||
|0200|P2248904|CLEANUP CHINELO VERDE AGUA|02248904||PAR|00|48181000||48||17,00||
|0200|P2248906|CLEANUP CHINELO VERDE AGUA|02248906||PAR|00|48181000||48||17,00||
|0200|P2249001|CLEANUP CHINELO ROSA BEBE|02249001||PAR|00|48181000||48||17,00||
|0200|P2249006|CLEANUP CHINELO ROSA BEBE|02249006||PAR|00|48181000||48||17,00||
|0200|P2249101|CLEANUP CHINELO CELEBRATION|02249101||PAR|00|48181000||48||17,00||
|0200|P2249103|CLEANUP CHINELO CELEBRATION|02249103||PAR|00|48181000||48||17,00||
|0200|P2249104|CLEANUP CHINELO CELEBRATION|02249104||PAR|00|48181000||48||17,00||
|0200|P2249106|CLEANUP CHINELO CELEBRATION|02249106||PAR|00|48181000||48||17,00||
|0200|P2249201|CLEANUP CHINELO COLORS MARROM|02249201||PAR|00|48181000||48||17,00||
|0200|P2249203|CLEANUP CHINELO COLORS MARROM|02249203||PAR|00|48181000||48||17,00||
|0200|P2249205|CLEANUP CHINELO COLORS MARROM|02249205||PAR|00|48181000||48||17,00||
|0200|P2270700|PENALTY SOCIETY BOLA 8 BRANCO/PRETO|02270700||UN|00|94036000||94||17,00||
|0200|P2290902|MODARE SLIP LINHO  PRETO|02290902||PAR|00|48181000||48||17,00||
|0200|P2290903|MODARE SLIP LINHO  PRETO|02290903||PAR|00|48181000||48||17,00||
|0200|P2290904|MODARE SLIP LINHO  PRETO|02290904||PAR|00|48181000||48||17,00||
|0200|P2290905|MODARE SLIP LINHO  PRETO|02290905||PAR|00|48181000||48||17,00||
|0200|P2290906|MODARE SLIP LINHO  PRETO|02290906||PAR|00|48181000||48||17,00||
|0200|P2290907|MODARE SLIP LINHO  PRETO|02290907||PAR|00|48181000||48||17,00||
|0200|P2343407|MOLEKINHO SANDALIA CAFE/PINHAO|02343407||PAR|00|48181000||48||17,00||
|0200|P2378707|MODARE SLIP LINHO  PRETO|02378707||PAR|00|48181000||48||17,00||
|0200|P2378801|MODARE NAPA BRANCO|02378801||PAR|00|48181000||48||17,00||
|0200|P2378802|MODARE NAPA BRANCO|02378802||PAR|00|48181000||48||17,00||
|0200|P2378803|MODARE NAPA BRANCO|02378803||PAR|00|48181000||48||17,00||
|0200|P2378804|MODARE NAPA BRANCO|02378804||PAR|00|48181000||48||17,00||
|0200|P2378805|MODARE NAPA BRANCO|02378805||PAR|00|48181000||48||17,00||
|0200|P2378806|MODARE NAPA BRANCO|02378806||PAR|00|48181000||48||17,00||
|0200|P2381800|PENALTY  BASQUETE OFICIAL PLAYOFF|02381800||UN|00|94036000||94||17,00||
|0200|P2381900|PENALTY  FUTSAL 500 BCO/AZL/LRJ|02381900||UN|00|94036000||94||17,00||
|0200|P2382000|PENALTY  SOCIETY SETE R2 BCO/PTO/AZL|02382000||UN|00|94036000||94||17,00||
|0200|P2382100|PENALTY  SOCIETY SETE R1 BCO/PTO/LRJ|02382100||UN|00|94036000||94||17,00||
|0200|P2382200|PENALTY  SOCIETY RX R1 BCO/AZUL ROYAL|02382200||UN|00|94036000||94||17,00||
|0200|P2382300|PENALTY  SOCIETY RX R1 BCO/LRJ/PTO|02382300||UN|00|94036000||94||17,00||
|0200|P2382400|PENALTY VOLEI OFICIAL VP 3000 AMR/RX/PTO|02382400||UN|00|94036000||94||17,00||
|0200|P2385907|CAMISA INTER VERMELHA|02385907||UN|00|48181000||48||17,00||
|0200|P2385908|CAMISA INTER VERMELHA|02385908||UN|00|48181000||48||17,00||
|0200|P2385909|CAMISA INTER VERMELHA|02385909||UN|00|48181000||48||17,00||
|0200|P2385910|CAMISA INTER VERMELHA|02385910||UN|00|48181000||48||17,00||
|0200|P2420901|MODARE SANDALIA SENSE FLEX PRETO|02420901||PAR|00|48181000||48||17,00||
|0200|P2420902|MODARE SANDALIA SENSE FLEX PRETO|02420902||PAR|00|48181000||48||17,00||
|0200|P2420903|MODARE SANDALIA SENSE FLEX PRETO|02420903||PAR|00|48181000||48||17,00||
|0200|P2420904|MODARE SANDALIA SENSE FLEX PRETO|02420904||PAR|00|48181000||48||17,00||
|0200|P2420905|MODARE SANDALIA SENSE FLEX PRETO|02420905||PAR|00|48181000||48||17,00||
|0200|P2420906|MODARE SANDALIA SENSE FLEX PRETO|02420906||PAR|00|48181000||48||17,00||
|0200|P2455408|CAMISA VASCO OFICIAL 2020|02455408||UN|00|48181000||48||17,00||
|0200|P2455409|CAMISA VASCO OFICIAL 2020|02455409||UN|00|48181000||48||17,00||
|0200|P2455410|CAMISA VASCO OFICIAL 2020|02455410||UN|00|48181000||48||17,00||
|0200|P2455411|CAMISA VASCO OFICIAL 2020|02455411||UN|00|48181000||48||17,00||
|0200|P2474301|MODARE SANDALIA FLOATHER VERDE AGUA|02474301||PAR|00|48181000||48||17,00||
|0200|P2474302|MODARE SANDALIA FLOATHER VERDE AGUA|02474302||PAR|00|48181000||48||17,00||
|0200|P2474303|MODARE SANDALIA FLOATHER VERDE AGUA|02474303||PAR|00|48181000||48||17,00||
|0200|P2474304|MODARE SANDALIA FLOATHER VERDE AGUA|02474304||PAR|00|48181000||48||17,00||
|0200|P2474305|MODARE SANDALIA FLOATHER VERDE AGUA|02474305||PAR|00|48181000||48||17,00||
|0200|P2474306|MODARE SANDALIA FLOATHER VERDE AGUA|02474306||PAR|00|48181000||48||17,00||
|0200|P2474507|CAMISA VASCO OFICIALPRETA  2020|02474507||UN|00|48181000||48||17,00||
|0200|P2474508|CAMISA VASCO OFICIALPRETA  2020|02474508||UN|00|48181000||48||17,00||
|0200|P2474509|CAMISA VASCO OFICIALPRETA  2020|02474509||UN|00|48181000||48||17,00||
|0200|P2474510|CAMISA VASCO OFICIALPRETA  2020|02474510||UN|00|48181000||48||17,00||
|0200|P2475103|MODARE SANDALIA  NAPA SOFT BEGE|02475103||PAR|00|48181000||48||17,00||
|0200|P2475104|MODARE SANDALIA  NAPA SOFT BEGE|02475104||PAR|00|48181000||48||17,00||
|0200|P2475105|MODARE SANDALIA  NAPA SOFT BEGE|02475105||PAR|00|48181000||48||17,00||
|0200|P2475106|MODARE SANDALIA  NAPA SOFT BEGE|02475106||PAR|00|48181000||48||17,00||
|0200|P2475107|MODARE SANDALIA  NAPA SOFT BEGE|02475107||PAR|00|48181000||48||17,00||
|0200|P2475108|MODARE SANDALIA  NAPA SOFT BEGE|02475108||PAR|00|48181000||48||17,00||
|0200|P2475201|MODARE TAMANCO NAPA SOFT NUDE|02475201||PAR|00|48181000||48||17,00||
|0200|P2475202|MODARE TAMANCO NAPA SOFT NUDE|02475202||PAR|00|48181000||48||17,00||
|0200|P2475203|MODARE TAMANCO NAPA SOFT NUDE|02475203||PAR|00|48181000||48||17,00||
|0200|P2475204|MODARE TAMANCO NAPA SOFT NUDE|02475204||PAR|00|48181000||48||17,00||
|0200|P2475205|MODARE TAMANCO NAPA SOFT NUDE|02475205||PAR|00|48181000||48||17,00||
|0200|P2475302|MODARE TAMANCO NAPA SOFT PRETO|02475302||PAR|00|48181000||48||17,00||
|0200|P2475303|MODARE TAMANCO NAPA SOFT PRETO|02475303||PAR|00|48181000||48||17,00||
|0200|P2475304|MODARE TAMANCO NAPA SOFT PRETO|02475304||PAR|00|48181000||48||17,00||
|0200|P2475305|MODARE TAMANCO NAPA SOFT PRETO|02475305||PAR|00|48181000||48||17,00||
|0200|P2475306|MODARE TAMANCO NAPA SOFT PRETO|02475306||PAR|00|48181000||48||17,00||
|0200|P2475307|MODARE TAMANCO NAPA SOFT PRETO|02475307||PAR|00|48181000||48||17,00||
|0200|P2475903|MODARE CHINELO SENSE FLEX PRETO|02475903||PAR|00|48181000||48||17,00||
|0200|P2475904|MODARE CHINELO SENSE FLEX PRETO|02475904||PAR|00|48181000||48||17,00||
|0200|P2475905|MODARE CHINELO SENSE FLEX PRETO|02475905||PAR|00|48181000||48||17,00||
|0200|P2475906|MODARE CHINELO SENSE FLEX PRETO|02475906||PAR|00|48181000||48||17,00||
|0200|P2475907|MODARE CHINELO SENSE FLEX PRETO|02475907||PAR|00|48181000||48||17,00||
|0200|P2475908|MODARE CHINELO SENSE FLEX PRETO|02475908||PAR|00|48181000||48||17,00||
|0200|P2476001|MODARE CHINELO GASPEA STRECH NUDE|02476001||PAR|00|48181000||48||17,00||
|0200|P2476002|MODARE CHINELO GASPEA STRECH NUDE|02476002||PAR|00|48181000||48||17,00||
|0200|P2476003|MODARE CHINELO GASPEA STRECH NUDE|02476003||PAR|00|48181000||48||17,00||
|0200|P2476004|MODARE CHINELO GASPEA STRECH NUDE|02476004||PAR|00|48181000||48||17,00||
|0200|P2476005|MODARE CHINELO GASPEA STRECH NUDE|02476005||PAR|00|48181000||48||17,00||
|0200|P2476006|MODARE CHINELO GASPEA STRECH NUDE|02476006||PAR|00|48181000||48||17,00||
|0200|P2476007|MODARE CHINELO GASPEA STRECH NUDE|02476007||PAR|00|48181000||48||17,00||
|0200|P2476101|MODARE CHINELO GASPEA STRECH JEANS|02476101||PAR|00|48181000||48||17,00||
|0200|P2476102|MODARE CHINELO GASPEA STRECH JEANS|02476102||PAR|00|48181000||48||17,00||
|0200|P2476103|MODARE CHINELO GASPEA STRECH JEANS|02476103||PAR|00|48181000||48||17,00||
|0200|P2476104|MODARE CHINELO GASPEA STRECH JEANS|02476104||PAR|00|48181000||48||17,00||
|0200|P2476105|MODARE CHINELO GASPEA STRECH JEANS|02476105||PAR|00|48181000||48||17,00||
|0200|P2476106|MODARE CHINELO GASPEA STRECH JEANS|02476106||PAR|00|48181000||48||17,00||
|0400|1|COMPRA PARA COMERCIALIZACAO|
|0990|121|
|B001|1|
|B990|2|
|C001|0|
|C100|1|0|L2|55|00|2|242|42201223878096000271550020000002421200214228|07122020|07122020|908,98|2|39,50|0,00|948,48|9|0,00|0,00|0,00|0,00|0,00|0,00|0,00|0,00|||||
|C190|041|5152|0,00|908,98|0,00|0,00|0,00|0,00|0,00|0,00||
|C100|1|0|F728|55|00|2|243|42201223878096000271550020000002431200214233|17122020|10122020|1705,20|2|0,00|0,00|1705,20|9|0,00|0,00|0,00|1705,20|204,62|0,00|0,00|0,00|||||
|C190|000|6202|12,00|1705,20|1705,20|204,62|0,00|0,00|0,00|0,00||
|C100|0|1|F34|55|00|3|356477|43201188379771003602550030003564771356477300|27112020|07122020|948,46|1|39,50|0,00|987,96|9|0,00|0,00|0,00|0,00|0,00|0,00|0,00|0,00|||||
|C170|1|P2420901|MODARE SANDALIA SENSE FLEX PRETO 34|1,00000|PAR|46,77|1,87|0|041|2102|1|0,00|0,00|0,00|0,00|0,00|0,00|0|49||0,00|0,00|0,00|99|44,90|||||99|44,90|||||||
|C170|2|P2420902|MODARE SANDALIA SENSE FLEX PRETO 35|3,00000|PAR|140,31|5,61|0|041|2102|1|0,00|0,00|0,00|0,00|0,00|0,00|0|49||0,00|0,00|0,00|99|134,70|||||99|134,70|||||||
|C170|3|P2420903|MODARE SANDALIA SENSE FLEX PRETO 36|4,00000|PAR|187,08|7,48|0|041|2102|1|0,00|0,00|0,00|0,00|0,00|0,00|0|49||0,00|0,00|0,00|99|179,60|||||99|179,60|||||||
|C170|4|P2420904|MODARE SANDALIA SENSE FLEX PRETO 37|2,00000|PAR|93,54|3,74|0|041|2102|1|0,00|0,00|0,00|0,00|0,00|0,00|0|49||0,00|0,00|0,00|99|89,80|||||99|89,80|||||||
|C170|5|P2420905|MODARE SANDALIA SENSE FLEX PRETO 38|1,00000|PAR|46,77|1,87|0|041|2102|1|0,00|0,00|0,00|0,00|0,00|0,00|0|49||0,00|0,00|0,00|99|44,90|||||99|44,90|||||||
|C170|6|P2420906|MODARE SANDALIA SENSE FLEX PRETO 39|1,00000|PAR|46,77|1,87|0|041|2102|1|0,00|0,00|0,00|0,00|0,00|0,00|0|49||0,00|0,00|0,00|99|44,90|||||99|44,90|||||||
|C170|7|P2474301|MODARE SANDALIA FLOATHER VERDE AGUA 34|1,00000|PAR|53,34|2,13|0|041|2102|1|0,00|0,00|0,00|0,00|0,00|0,00|0|49||0,00|0,00|0,00|99|51,21|||||99|51,21|||||||
|C170|8|P2474302|MODARE SANDALIA FLOATHER VERDE AGUA 35|1,00000|PAR|53,34|2,13|0|041|2102|1|0,00|0,00|0,00|0,00|0,00|0,00|0|49||0,00|0,00|0,00|99|51,21|||||99|51,21|||||||
|C170|9|P2474303|MODARE SANDALIA FLOATHER VERDE AGUA 36|2,00000|PAR|106,68|4,27|0|041|2102|1|0,00|0,00|0,00|0,00|0,00|0,00|0|49||0,00|0,00|0,00|99|102,41|||||99|102,41|||||||
|C170|10|P2474304|MODARE SANDALIA FLOATHER VERDE AGUA 37|2,00000|PAR|106,68|4,27|0|041|2102|1|0,00|0,00|0,00|0,00|0,00|0,00|0|49||0,00|0,00|0,00|99|102,41|||||99|102,41|||||||
|C170|11|P2474305|MODARE SANDALIA FLOATHER VERDE AGUA 38|1,00000|PAR|53,34|2,13|0|041|2102|1|0,00|0,00|0,00|0,00|0,00|0,00|0|49||0,00|0,00|0,00|99|51,21|||||99|51,21|||||||
|C170|12|P2474306|MODARE SANDALIA FLOATHER VERDE AGUA 39|1,00000|PAR|53,34|2,13|0|041|2102|1|0,00|0,00|0,00|0,00|0,00|0,00|0|49||0,00|0,00|0,00|99|51,21|||||99|51,21|||||||
|C190|041|2102|0,00|948,46|0,00|0,00|0,00|0,00|0,00|0,00||
|C100|0|1|F728|55|00|1|43880|31201105362278000122550010000438801100027869|24112020|07122020|1705,20|1|0,00|0,00|1705,20|9|0,00|0,00|0,00|0,00|0,00|0,00|0,00|0,00|||||
|C170|1|P2474510|CAMISA VASCO OFICIALPRETA 2020 P|2,00000|UN|284,20|0,00|0|041|2102|1|0,00|0,00|0,00|0,00|0,00|0,00|0|49||0,00|0,00|0,00|99|284,20|||||99|284,20|||||||
|C170|2|P2474509|CAMISA VASCO OFICIALPRETA 2020 M|4,00000|UN|568,40|0,00|0|041|2102|1|0,00|0,00|0,00|0,00|0,00|0,00|0|49||0,00|0,00|0,00|99|568,40|||||99|568,40|||||||
|C170|3|P2474507|CAMISA VASCO OFICIALPRETA 2020 G|4,00000|UN|568,40|0,00|0|041|2102|1|0,00|0,00|0,00|0,00|0,00|0,00|0|49||0,00|0,00|0,00|99|568,40|||||99|568,40|||||||
|C170|4|P2474508|CAMISA VASCO OFICIALPRETA 2020 GG|2,00000|UN|284,20|0,00|0|041|2102|1|0,00|0,00|0,00|0,00|0,00|0,00|0|49||0,00|0,00|0,00|99|284,20|||||99|284,20|||||||
|C190|041|2102|0,00|1705,20|0,00|0,00|0,00|0,00|0,00|0,00||
|C100|0|1|F34|55|00|3|360849|43201288379771003602550030003608491360849353|02122020|07122020|970,56|1|40,48|0,00|1011,04|9|0,00|0,00|0,00|0,00|0,00|0,00|0,00|0,00|||||
|C170|1|P2475903|MODARE CHINELO SENSE FLEX PRETO 35|1,00000|PAR|38,98|1,56|0|041|2102|1|0,00|0,00|0,00|0,00|0,00|0,00|0|49||0,00|0,00|0,00|99|37,42|||||99|37,42|||||||
|C170|2|P2475904|MODARE CHINELO SENSE FLEX PRETO 36|2,00000|PAR|77,96|3,12|0|041|2102|1|0,00|0,00|0,00|0,00|0,00|0,00|0|49||0,00|0,00|0,00|99|74,84|||||99|74,84|||||||
|C170|3|P2475905|MODARE CHINELO SENSE FLEX PRETO 37|2,00000|PAR|77,96|3,12|0|041|2102|1|0,00|0,00|0,00|0,00|0,00|0,00|0|49||0,00|0,00|0,00|99|74,84|||||99|74,84|||||||
|C170|4|P2475906|MODARE CHINELO SENSE FLEX PRETO 38|1,00000|PAR|38,98|1,56|0|041|2102|1|0,00|0,00|0,00|0,00|0,00|0,00|0|49||0,00|0,00|0,00|99|37,42|||||99|37,42|||||||
|C170|5|P2475907|MODARE CHINELO SENSE FLEX PRETO 39|1,00000|PAR|38,98|1,56|0|041|2102|1|0,00|0,00|0,00|0,00|0,00|0,00|0|49||0,00|0,00|0,00|99|37,42|||||99|37,42|||||||
|C170|6|P2475908|MODARE CHINELO SENSE FLEX PRETO 40|1,00000|PAR|38,98|1,56|0|041|2102|1|0,00|0,00|0,00|0,00|0,00|0,00|0|49||0,00|0,00|0,00|99|37,42|||||99|37,42|||||||
|C170|7|P2476001|MODARE CHINELO GASPEA STRECH NUDE 34|1,00000|PAR|43,70|1,75|0|041|2102|1|0,00|0,00|0,00|0,00|0,00|0,00|0|49||0,00|0,00|0,00|99|41,95|||||99|41,95|||||||
|C170|8|P2476002|MODARE CHINELO GASPEA STRECH NUDE 35|1,00000|PAR|43,70|1,75|0|041|2102|1|0,00|0,00|0,00|0,00|0,00|0,00|0|49||0,00|0,00|0,00|99|41,95|||||99|41,95|||||||
|C170|9|P2476003|MODARE CHINELO GASPEA STRECH NUDE 36|1,00000|PAR|43,70|1,75|0|041|2102|1|0,00|0,00|0,00|0,00|0,00|0,00|0|49||0,00|0,00|0,00|99|41,95|||||99|41,95|||||||
|C170|10|P2476004|MODARE CHINELO GASPEA STRECH NUDE 37|2,00000|PAR|87,40|3,50|0|041|2102|1|0,00|0,00|0,00|0,00|0,00|0,00|0|49||0,00|0,00|0,00|99|83,90|||||99|83,90|||||||
|C170|11|P2476005|MODARE CHINELO GASPEA STRECH NUDE 38|1,00000|PAR|43,70|1,75|0|041|2102|1|0,00|0,00|0,00|0,00|0,00|0,00|0|49||0,00|0,00|0,00|99|41,95|||||99|41,95|||||||
|C170|12|P2476006|MODARE CHINELO GASPEA STRECH NUDE 39|1,00000|PAR|43,70|1,75|0|041|2102|1|0,00|0,00|0,00|0,00|0,00|0,00|0|49||0,00|0,00|0,00|99|41,95|||||99|41,95|||||||
|C170|13|P2476007|MODARE CHINELO GASPEA STRECH NUDE 40|1,00000|PAR|43,70|1,75|0|041|2102|1|0,00|0,00|0,00|0,00|0,00|0,00|0|49||0,00|0,00|0,00|99|41,95|||||99|41,95|||||||
|C170|14|P2476101|MODARE CHINELO GASPEA STRECH JEANS 34|1,00000|PAR|43,70|1,75|0|041|2102|1|0,00|0,00|0,00|0,00|0,00|0,00|0|49||0,00|0,00|0,00|99|41,95|||||99|41,95|||||||
|C170|15|P2476102|MODARE CHINELO GASPEA STRECH JEANS 35|1,00000|PAR|43,70|1,75|0|041|2102|1|0,00|0,00|0,00|0,00|0,00|0,00|0|49||0,00|0,00|0,00|99|41,95|||||99|41,95|||||||
|C170|16|P2476103|MODARE CHINELO GASPEA STRECH JEANS 36|2,00000|PAR|87,40|3,50|0|041|2102|1|0,00|0,00|0,00|0,00|0,00|0,00|0|49||0,00|0,00|0,00|99|83,90|||||99|83,90|||||||
|C170|17|P2476104|MODARE CHINELO GASPEA STRECH JEANS 37|2,00000|PAR|87,40|3,50|0|041|2102|1|0,00|0,00|0,00|0,00|0,00|0,00|0|49||0,00|0,00|0,00|99|83,90|||||99|83,90|||||||
|C170|18|P2476105|MODARE CHINELO GASPEA STRECH JEANS 38|1,00000|PAR|43,70|1,75|0|041|2102|1|0,00|0,00|0,00|0,00|0,00|0,00|0|49||0,00|0,00|0,00|99|41,95|||||99|41,95|||||||
|C170|19|P2476106|MODARE CHINELO GASPEA STRECH JEANS 39|1,00000|PAR|43,70|1,75|0|041|2102|1|0,00|0,00|0,00|0,00|0,00|0,00|0|49||0,00|0,00|0,00|99|41,95|||||99|41,95|||||||
|C190|041|2102|0,00|970,56|0,00|0,00|0,00|0,00|0,00|0,00||
|C100|0|1|F34|55|00|3|359893|43201188379771003602550030003598931359893338|30112020|07122020|1016,16|1|42,32|0,00|1058,48|9|0,00|0,00|0,00|0,00|0,00|0,00|0,00|0,00|||||
|C170|1|P2475103|MODARE SANDALIA NAPA SOFT BEGE 35|1,00000|PAR|48,21|1,93|0|041|2102|1|0,00|0,00|0,00|0,00|0,00|0,00|0|49||0,00|0,00|0,00|99|46,28|||||99|46,28|||||||
|C170|2|P2475104|MODARE SANDALIA NAPA SOFT BEGE 36|2,00000|PAR|96,42|3,86|0|041|2102|1|0,00|0,00|0,00|0,00|0,00|0,00|0|49||0,00|0,00|0,00|99|92,56|||||99|92,56|||||||
|C170|3|P2475105|MODARE SANDALIA NAPA SOFT BEGE 37|2,00000|PAR|96,42|3,86|0|041|2102|1|0,00|0,00|0,00|0,00|0,00|0,00|0|49||0,00|0,00|0,00|99|92,56|||||99|92,56|||||||
|C170|4|P2475106|MODARE SANDALIA NAPA SOFT BEGE 38|1,00000|PAR|48,21|1,93|0|041|2102|1|0,00|0,00|0,00|0,00|0,00|0,00|0|49||0,00|0,00|0,00|99|46,28|||||99|46,28|||||||
|C170|5|P2475107|MODARE SANDALIA NAPA SOFT BEGE 39|1,00000|PAR|48,21|1,93|0|041|2102|1|0,00|0,00|0,00|0,00|0,00|0,00|0|49||0,00|0,00|0,00|99|46,28|||||99|46,28|||||||
|C170|6|P2475108|MODARE SANDALIA NAPA SOFT BEGE 40|1,00000|PAR|48,21|1,93|0|041|2102|1|0,00|0,00|0,00|0,00|0,00|0,00|0|49||0,00|0,00|0,00|99|46,28|||||99|46,28|||||||
|C170|7|P2475201|MODARE TAMANCO NAPA SOFT NUDE 34|1,00000|PAR|42,05|1,68|0|041|2102|1|0,00|0,00|0,00|0,00|0,00|0,00|0|49||0,00|0,00|0,00|99|40,37|||||99|40,37|||||||
|C170|8|P2475202|MODARE TAMANCO NAPA SOFT NUDE 35|1,00000|PAR|42,05|1,68|0|041|2102|1|0,00|0,00|0,00|0,00|0,00|0,00|0|49||0,00|0,00|0,00|99|40,37|||||99|40,37|||||||
|C170|9|P2475203|MODARE TAMANCO NAPA SOFT NUDE 36|2,00000|PAR|84,10|3,36|0|041|2102|1|0,00|0,00|0,00|0,00|0,00|0,00|0|49||0,00|0,00|0,00|99|80,74|||||99|80,74|||||||
|C170|10|P2475204|MODARE TAMANCO NAPA SOFT NUDE 37|2,00000|PAR|84,10|3,36|0|041|2102|1|0,00|0,00|0,00|0,00|0,00|0,00|0|49||0,00|0,00|0,00|99|80,74|||||99|80,74|||||||
|C170|11|P2475205|MODARE TAMANCO NAPA SOFT NUDE 38|2,00000|PAR|84,10|3,36|0|041|2102|1|0,00|0,00|0,00|0,00|0,00|0,00|0|49||0,00|0,00|0,00|99|80,74|||||99|80,74|||||||
|C170|12|P2475302|MODARE TAMANCO NAPA SOFT PRETO 35|1,00000|PAR|42,05|1,68|0|041|2102|1|0,00|0,00|0,00|0,00|0,00|0,00|0|49||0,00|0,00|0,00|99|40,37|||||99|40,37|||||||
|C170|13|P2475303|MODARE TAMANCO NAPA SOFT PRETO 36|2,00000|PAR|84,10|3,36|0|041|2102|1|0,00|0,00|0,00|0,00|0,00|0,00|0|49||0,00|0,00|0,00|99|80,74|||||99|80,74|||||||
|C170|14|P2475304|MODARE TAMANCO NAPA SOFT PRETO 37|2,00000|PAR|84,10|3,36|0|041|2102|1|0,00|0,00|0,00|0,00|0,00|0,00|0|49||0,00|0,00|0,00|99|80,74|||||99|80,74|||||||
|C170|15|P2475305|MODARE TAMANCO NAPA SOFT PRETO 38|1,00000|PAR|42,05|1,68|0|041|2102|1|0,00|0,00|0,00|0,00|0,00|0,00|0|49||0,00|0,00|0,00|99|40,37|||||99|40,37|||||||
|C170|16|P2475306|MODARE TAMANCO NAPA SOFT PRETO 39|1,00000|PAR|42,05|1,68|0|041|2102|1|0,00|0,00|0,00|0,00|0,00|0,00|0|49||0,00|0,00|0,00|99|40,37|||||99|40,37|||||||
|C170|17|P2475307|MODARE TAMANCO NAPA SOFT PRETO 40|1,00000|PAR|42,05|1,68|0|041|2102|1|0,00|0,00|0,00|0,00|0,00|0,00|0|49||0,00|0,00|0,00|99|40,37|||||99|40,37|||||||
|C190|041|2102|0,00|1016,16|0,00|0,00|0,00|0,00|0,00|0,00||
|C400|2D|TM-T900F|EP121510000000002425|001|
|C990|67|
|D001|1|
|D990|2|
|E001|0|
|E100|01122020|31122020|
|E110|204,62|0,00|0,00|0,00|0,00|0,00|0,00|0,00|0,00|204,62|0,00|204,62|0,00|0,00|
|E990|4|
|G001|1|
|G990|2|
|H001|0|
|H005|31122020|10726,53|01|
|H010|P2385907|UN|2,000|180,000000|360,00|0|||0|0,00|
|H010|P2385908|UN|1,000|180,000000|180,00|0|||0|0,00|
|H010|P2385909|UN|2,000|180,000000|360,00|0|||0|0,00|
|H010|P2385910|UN|1,000|180,000000|180,00|0|||0|0,00|
|H010|P2455408|UN|4,000|142,100000|568,40|0|||0|0,00|
|H010|P2455409|UN|2,000|142,100000|284,20|0|||0|0,00|
|H010|P2455410|UN|4,000|142,100000|568,40|0|||0|0,00|
|H010|P2455411|UN|2,000|142,100000|284,20|0|||0|0,00|
|H010|P2248603|PAR|2,000|36,500000|73,00|0|||0|0,00|
|H010|P2248604|PAR|3,000|36,500000|109,50|0|||0|0,00|
|H010|P2248606|PAR|2,000|36,500000|73,00|0|||0|0,00|
|H010|P2248607|PAR|1,000|36,500000|36,50|0|||0|0,00|
|H010|P2248608|PAR|1,000|36,500000|36,50|0|||0|0,00|
|H010|P2248701|PAR|1,000|27,000000|27,00|0|||0|0,00|
|H010|P2248702|PAR|5,000|27,000000|135,00|0|||0|0,00|
|H010|P2248706|PAR|1,000|27,000000|27,00|0|||0|0,00|
|H010|P2249101|PAR|1,000|29,000000|29,00|0|||0|0,00|
|H010|P2249103|PAR|5,000|34,800000|174,00|0|||0|0,00|
|H010|P2249104|PAR|5,000|29,000000|145,00|0|||0|0,00|
|H010|P2249106|PAR|1,000|29,000000|29,00|0|||0|0,00|
|H010|P2249201|PAR|1,000|27,000000|27,00|0|||0|0,00|
|H010|P2249203|PAR|4,000|27,000000|108,00|0|||0|0,00|
|H010|P2249205|PAR|5,000|27,000000|135,00|0|||0|0,00|
|H010|P2248806|PAR|2,000|28,000000|56,00|0|||0|0,00|
|H010|P2249001|PAR|1,000|28,000000|28,00|0|||0|0,00|
|H010|P2249006|PAR|1,000|28,000000|28,00|0|||0|0,00|
|H010|P2248901|PAR|2,000|28,000000|56,00|0|||0|0,00|
|H010|P2248902|PAR|4,000|28,000000|112,00|0|||0|0,00|
|H010|P2248904|PAR|4,000|28,000000|112,00|0|||0|0,00|
|H010|P2248906|PAR|1,000|28,000000|28,00|0|||0|0,00|
|H010|P2245101|PAR|1,000|87,960000|87,96|0|||0|0,00|
|H010|P2476101|PAR|1,000|41,950000|41,95|0|||0|0,00|
|H010|P2476102|PAR|1,000|41,950000|41,95|0|||0|0,00|
|H010|P2476103|PAR|2,000|41,950000|83,90|0|||0|0,00|
|H010|P2476104|PAR|2,000|41,950000|83,90|0|||0|0,00|
|H010|P2476105|PAR|1,000|41,950000|41,95|0|||0|0,00|
|H010|P2476106|PAR|1,000|41,950000|41,95|0|||0|0,00|
|H010|P2476001|PAR|1,000|41,950000|41,95|0|||0|0,00|
|H010|P2476002|PAR|1,000|41,950000|41,95|0|||0|0,00|
|H010|P2476003|PAR|1,000|41,950000|41,95|0|||0|0,00|
|H010|P2476004|PAR|2,000|41,950000|83,90|0|||0|0,00|
|H010|P2476005|PAR|1,000|41,950000|41,95|0|||0|0,00|
|H010|P2476006|PAR|1,000|41,950000|41,95|0|||0|0,00|
|H010|P2476007|PAR|1,000|41,950000|41,95|0|||0|0,00|
|H010|P2475903|PAR|1,000|37,420000|37,42|0|||0|0,00|
|H010|P2475904|PAR|2,000|37,420000|74,84|0|||0|0,00|
|H010|P2475905|PAR|2,000|37,420000|74,84|0|||0|0,00|
|H010|P2475906|PAR|1,000|37,420000|37,42|0|||0|0,00|
|H010|P2475907|PAR|1,000|37,420000|37,42|0|||0|0,00|
|H010|P2475908|PAR|1,000|37,420000|37,42|0|||0|0,00|
|H010|P2378801|PAR|1,000|52,170000|52,17|0|||0|0,00|
|H010|P2378802|PAR|1,000|52,170000|52,17|0|||0|0,00|
|H010|P2378803|PAR|2,000|52,170000|104,35|0|||0|0,00|
|H010|P2378804|PAR|2,000|52,170000|104,35|0|||0|0,00|
|H010|P2378805|PAR|1,000|52,170000|52,17|0|||0|0,00|
|H010|P2378806|PAR|1,000|52,170000|52,17|0|||0|0,00|
|H010|P2475103|PAR|1,000|46,280000|46,28|0|||0|0,00|
|H010|P2475104|PAR|2,000|46,280000|92,56|0|||0|0,00|
|H010|P2475105|PAR|2,000|46,280000|92,56|0|||0|0,00|
|H010|P2475106|PAR|1,000|46,280000|46,28|0|||0|0,00|
|H010|P2475107|PAR|1,000|46,280000|46,28|0|||0|0,00|
|H010|P2475108|PAR|1,000|46,280000|46,28|0|||0|0,00|
|H010|P2290902|PAR|1,000|43,780000|43,78|0|||0|0,00|
|H010|P2290903|PAR|2,000|43,780000|87,57|0|||0|0,00|
|H010|P2290904|PAR|3,000|43,780000|131,35|0|||0|0,00|
|H010|P2290905|PAR|1,000|87,570000|87,57|0|||0|0,00|
|H010|P2290906|PAR|2,000|43,780000|87,57|0|||0|0,00|
|H010|P2290907|PAR|1,000|43,780000|43,78|0|||0|0,00|
|H010|P2378707|PAR|1,000|43,780000|43,78|0|||0|0,00|
|H010|P2475201|PAR|1,000|40,370000|40,37|0|||0|0,00|
|H010|P2475202|PAR|1,000|40,370000|40,37|0|||0|0,00|
|H010|P2475203|PAR|2,000|40,370000|80,74|0|||0|0,00|
|H010|P2475204|PAR|2,000|40,370000|80,74|0|||0|0,00|
|H010|P2475205|PAR|2,000|40,370000|80,74|0|||0|0,00|
|H010|P2475302|PAR|1,000|40,370000|40,37|0|||0|0,00|
|H010|P2475303|PAR|2,000|40,370000|80,74|0|||0|0,00|
|H010|P2475304|PAR|2,000|40,370000|80,74|0|||0|0,00|
|H010|P2475305|PAR|1,000|40,370000|40,37|0|||0|0,00|
|H010|P2475306|PAR|1,000|40,370000|40,37|0|||0|0,00|
|H010|P2475307|PAR|1,000|40,370000|40,37|0|||0|0,00|
|H010|P2343407|PAR|1,000|0,010000|0,01|0|||0|0,00|
|H010|P19669|PAR|1,000|0,010000|0,01|0|||0|0,00|
|H010|P19693|PAR|1,000|0,010000|0,01|0|||0|0,00|
|H010|P19695|PAR|2,000|0,000000|0,01|0|||0|0,00|
|H010|P19698|PAR|2,000|0,010000|0,02|0|||0|0,00|
|H010|P19699|PAR|1,000|0,010000|0,01|0|||0|0,00|
|H010|P2381800|UN|6,000|35,740000|214,44|0|||0|0,00|
|H010|P2381900|UN|6,000|40,840000|245,04|0|||0|0,00|
|H010|P2382200|UN|6,000|51,060000|306,36|0|||0|0,00|
|H010|P2382300|UN|6,000|51,060000|306,36|0|||0|0,00|
|H010|P2382100|UN|6,000|86,800000|520,80|0|||0|0,00|
|H010|P2382000|UN|6,000|76,590000|459,54|0|||0|0,00|
|H010|P2270700|UN|12,000|81,700000|980,40|0|||0|0,00|
|H010|P2382400|UN|6,000|51,060000|306,36|0|||0|0,00|
|H990|97|
|K001|1|
|K990|2|
|1001|0|
|1010|N|N|N|N|N|N|N|N|N|N|N|N|N|
|1990|3|
|9001|0|
|9900|0000|1|
|9900|0001|1|
|9900|0005|1|
|9900|0100|1|
|9900|0150|3|
|9900|0190|2|
|9900|0200|110|
|9900|0400|1|
|9900|0990|1|
|9900|B001|1|
|9900|B990|1|
|9900|C001|1|
|9900|C100|6|
|9900|C170|52|
|9900|C190|6|
|9900|C400|1|
|9900|C990|1|
|9900|D001|1|
|9900|D990|1|
|9900|E001|1|
|9900|E100|1|
|9900|E110|1|
|9900|E990|1|
|9900|G001|1|
|9900|G990|1|
|9900|H001|1|
|9900|H005|1|
|9900|H010|94|
|9900|H990|1|
|9900|K001|1|
|9900|K990|1|
|9900|1001|1|
|9900|1010|1|
|9900|1990|1|
|9900|9001|1|
|9900|9900|38|
|9900|9990|1|
|9900|9999|1|
|9990|41|
|9999|341|
EAD9C5658EC26673850D3640E048A01FDD10A1678A509B48CF19C867C85CAA5A3926B9EBD0EE346EFE95EA7DF19008F1F60E6BEE82377808CF2203C203A6637BE18E0DD3C9FACC10495C089DB083005DA30AE8932C5E06E35383CD39198CF2976763E5399BAEDCC3D596DA0F6B6DCE4D86E4A1972DCE5E606454C428B6282CE3B4C