530,"",30.43,208.97,0.00,6357.83
528,"",2.74,88.07,0.00,241.67
534,"",48.20,721.51,0.00,34776.66
466,"",16.75,0.00,0.00,0.00
467,"",40.00,3.79,0.00,151.52
469,"",23.00,389.62,0.00,8961.30
100,"",20.00,144.39,0.00,2887.79
470,"",48.00,4.21,0.00,202.13
447,"",24.00,34.14,0.00,819.40
172,"",60.00,33.74,0.00,2024.26
21,"",1.00,2160.47,0.00,2160.47
88,"",1.00,2500.66,0.00,2500.66
129,"",10.00,189.97,0.00,1899.65
471,"",1.00,11200.00,0.00,11200.00
472,"",40.00,7.55,0.00,302.10
473,"",1.00,1953.79,0.00,1953.79
474,"",870.00,2.92,0.00,2536.77
531,"",11.00,90.24,0.00,992.65
418,"",12.51,139.25,0.00,1741.68
431,"",10.40,405.90,0.00,4223.35
403,"",61.47,5.91,0.00,363.05
605,"",1.00,45.40,0.00,45.40
448,"",17.20,2.42,0.00,41.58
449,"",21.50,2.39,0.00,51.44
96,"",30.00,0.14,0.00,4.21
51,"",1.00,48.81,0.00,48.81
414,"",23.14,42.43,0.00,981.72
415,"",20.12,68.52,0.00,1378.69
416,"",19.68,108.00,0.00,2124.83
417,"",19.00,57.96,0.00,1101.33
443,"",8.10,151.13,0.00,1224.78
460,"",1.81,31.21,0.00,56.53
475,"",4.00,10.05,0.00,40.19
476,"",34.00,322.62,0.00,10969.00
143,"",1.00,986.80,0.00,986.80
479,"",2.85,0.00,0.00,0.00
480,"",48.15,14.83,0.00,714.28
488,"",24.55,0.00,0.00,0.00
490,"",61.10,0.22,0.00,13.53
487,"",139.05,23.25,0.00,3233.24
627,"",880.85,15.33,0.00,13501.54
485,"",1905.00,1.53,0.00,2913.44
478,"",839.75,11.08,0.00,9301.09
116,"",1.00,21.51,0.00,21.51
147,"",2.00,2693.57,0.00,5387.14
127,"",1.00,10217.68,0.00,10217.68
99,"",1.00,220.34,0.00,220.34
493,"",100.00,23.08,0.00,2307.82
101,"",5.00,118.08,0.00,590.42
496,"",1.00,3850.00,0.00,3850.00
497,"",1.00,65.12,0.00,65.12
428,"",855.00,0.50,0.00,426.37
452,"",220.00,0.77,0.00,170.25
423,"",429.00,0.30,0.00,129.13
462,"",220.00,3.11,0.00,684.22
424,"",400.00,0.37,0.00,149.69
450,"",1650.00,0.61,0.00,1006.96
451,"",5.00,0.77,0.00,3.86
453,"",40.00,0.87,0.00,34.87
454,"",304.00,2.32,0.00,705.51
455,"",915.00,3.01,0.00,2755.02
456,"",120.00,3.19,0.00,382.81
463,"",139.00,0.00,0.00,0.00
465,"",230.00,3.16,0.00,726.58
162,"",1.00,97.21,0.00,97.21
68,"",5.00,9.76,0.00,48.82
34,"",1.00,568.28,0.00,568.28
115,"",1.00,47.10,0.00,47.10
134,"",1.00,134.02,0.00,134.02
398,"",10500.00,3.93,0.00,41265.79
533,"",671.00,3.00,0.00,2013.41
125,"",2.00,128.64,0.00,257.28
49,"",1.00,224.22,0.00,224.22
33,"",2.00,201.94,0.00,403.87
66,"",2.00,357.43,0.00,714.86
87,"",1.00,97.45,0.00,97.45
17,"",2.00,84.11,0.00,168.22
112,"",1.00,159.52,0.00,159.52
108,"",3.00,110.00,0.00,330.00
140,"",1.00,341.39,0.00,341.39
139,"",2.00,194.16,0.00,388.31
124,"",1.00,1549.77,0.00,1549.77
408,"",240.00,7.18,0.00,1722.93
399,"",825.00,24.30,0.00,20046.78
400,"",11050.00,9.46,0.00,104523.32
402,"",1450.00,1.02,0.00,1475.58
409,"",120.00,44.73,0.00,5367.09
406,"",611.00,20.06,0.00,12256.74
411,"",2100.00,19.37,0.00,40677.25
491,"",21.00,8.36,0.00,175.47
492,"",59.00,8.36,0.00,492.99
507,"",3.00,103.03,0.00,309.08
510,"",1.00,17793.78,0.00,17793.78
389,"",101.00,0.33,0.00,33.12
442,"",68.00,55.07,0.00,3744.63
430,"",34.00,0.85,0.00,29.02
439,"",104.55,240.91,0.00,25186.75
379,"",182.00,178.39,0.00,32466.99
438,"",117.25,213.78,0.00,25066.23
513,"",1.00,51.04,0.00,51.04
117,"",1.00,5.84,0.00,5.84
384,"",104.00,298.27,0.00,31020.04
82,"",10.00,7.24,0.00,72.40
81,"",7.00,5.88,0.00,41.14
72,"",3.00,6.88,0.00,20.64
71,"",10.00,5.62,0.00,56.22
83,"",10.00,5.68,0.00,56.83
80,"",10.00,3.32,0.00,33.22
78,"",4.00,3.81,0.00,15.25
84,"",2.00,11.22,0.00,22.45
12,"",20.00,4.38,0.00,87.58
13,"",1.00,4.52,0.00,4.52
10,"",7.00,3.42,0.00,23.94
20,"",2.00,4.71,0.00,9.41
74,"",10.00,3.05,0.00,30.52
73,"",10.00,2.54,0.00,25.44
75,"",10.00,4.06,0.00,40.57
79,"",10.00,3.05,0.00,30.52
67,"",5.00,7.94,0.00,39.69
159,"",1.00,408.18,0.00,408.18
526,"",42532.00,0.53,0.00,22599.78
11,"",6.00,4.21,0.00,25.27
663,"",4.00,106.00,0.00,424.00
128,"",3.00,1352.63,0.00,4057.89
6,"",123.00,3.80,0.00,467.70
94,"",1.00,4043.21,0.00,4043.21
523,"",1085.00,0.14,0.00,153.56
570,"",12.00,50.18,0.00,602.19
38,"",1.00,5464.25,0.00,5464.25
130,"",1.00,6331.32,0.00,6331.32
572,"",1.00,5540.24,0.00,5540.24
575,"",209.04,3.03,0.00,632.80
105,"",1.00,43714.00,0.00,43714.00
145,"",1.00,21223.93,0.00,21223.93
578,"",127.50,4.38,0.00,557.83
170,"",1.00,153.88,0.00,153.88
171,"",1.00,48400.00,0.00,48400.00
593,"",1.00,42903.19,0.00,42903.19
596,"",1.00,70112.61,0.00,70112.61
597,"",1.00,57376.00,0.00,57376.00
164,"",1.00,86240.00,0.00,86240.00
599,"",111.67,18.64,0.00,2081.99
600,"",780.25,6.12,0.00,4775.94
601,"",1.00,619.79,0.00,619.79
305,"",190.84,72.66,0.00,13865.90
580,"",13.15,7.25,0.00,95.39
517,"",2.91,223.63,0.00,650.33
518,"",3.35,216.40,0.00,724.06
519,"",20.35,212.81,0.00,4330.65
270,"",38.57,84.86,0.00,3273.13
323,"",51.15,69.46,0.00,3552.85
255,"",51.41,69.75,0.00,3586.15
334,"",20.98,17.57,0.00,368.60
222,"",27.33,0.01,0.00,0.27
229,"",5.62,35.04,0.00,196.95
231,"",34.96,0.02,0.00,0.59
235,"",16.29,23.18,0.00,377.62
241,"",10.27,23.78,0.00,244.23
251,"",18.82,20.98,0.00,394.78
263,"",13.68,19.03,0.00,260.34
278,"",24.17,37.46,0.00,905.45
293,"",20.76,49.23,0.00,1021.91
303,"",43.78,47.26,0.00,2069.27
306,"",27.94,20.21,0.00,564.70
312,"",0.98,0.46,0.00,0.45
317,"",13.13,32.48,0.00,426.58
320,"",59.16,54.04,0.00,3196.87
348,"",21.27,18.84,0.00,400.86
357,"",2.97,1034.46,0.00,3071.31
363,"",3.89,0.00,0.00,0.00
366,"",6.13,20.60,0.00,126.23
321,"",108.68,55.03,0.00,5980.79
343,"",222.26,56.33,0.00,12519.57
325,"",25.66,24.39,0.00,625.74
326,"",9.53,31.91,0.00,304.13
331,"",168.85,59.40,0.00,10029.51
345,"",83.08,52.76,0.00,4383.12
346,"",218.58,59.59,0.00,13025.15
350,"",23.91,22.29,0.00,533.12
338,"",380.16,62.00,0.00,23570.14
353,"",108.79,55.68,0.00,6057.80
355,"",282.45,60.75,0.00,17158.82
273,"",27.83,48.74,0.00,1356.50
285,"",204.97,70.27,0.00,14403.14
213,"",14.43,104.70,0.00,1510.73
219,"",12.99,58.55,0.00,760.59
228,"",8.24,54.65,0.00,450.32
238,"",4.49,18.65,0.00,83.65
254,"",107.20,75.32,0.00,8074.56
341,"",59.37,68.59,0.00,4072.24
256,"",62.10,60.30,0.00,3744.56
333,"",131.28,67.84,0.00,8905.48
221,"",20.22,77.56,0.00,1568.64
225,"",3.09,59.49,0.00,183.60
232,"",52.21,0.01,0.00,0.48
240,"",20.49,73.67,0.00,1509.55
244,"",32.25,72.69,0.00,2344.42
245,"",7.93,69.44,0.00,550.86
246,"",34.86,22.58,0.00,787.13
259,"",0.31,25.31,0.00,7.87
260,"",173.60,82.84,0.00,14381.04
262,"",158.63,71.37,0.00,11320.82
266,"",19.95,85.79,0.00,1711.78
269,"",48.21,74.37,0.00,3584.99
271,"",15.54,80.25,0.00,1247.29
277,"",64.67,69.61,0.00,4501.32
281,"",101.50,54.33,0.00,5514.62
284,"",162.73,76.71,0.00,12483.07
287,"",120.24,77.28,0.00,9292.54
292,"",93.12,74.21,0.00,6910.68
302,"",379.51,74.10,0.00,28121.44
311,"",46.29,86.55,0.00,4006.65
313,"",84.26,65.88,0.00,5551.14
316,"",152.15,70.87,0.00,10783.24
318,"",299.62,67.06,0.00,20091.24
319,"",1.72,0.00,0.00,0.00
328,"",315.74,68.12,0.00,21507.58
329,"",112.38,63.52,0.00,7138.06
330,"",96.11,68.40,0.00,6573.85
337,"",256.91,70.20,0.00,18035.42
340,"",118.77,64.65,0.00,7678.33
344,"",175.09,66.60,0.00,11660.77
349,"",140.47,64.81,0.00,9103.99
351,"",2.79,23.27,0.00,64.96
352,"",45.87,66.96,0.00,3071.32
356,"",167.20,65.38,0.00,10931.86
359,"",245.40,63.25,0.00,15521.61
360,"",147.23,67.32,0.00,9911.87
361,"",171.95,69.83,0.00,12006.62
362,"",0.77,186.11,0.00,143.86
365,"",0.68,13.76,0.00,9.29
374,"",2.64,0.00,0.00,0.00
226,"",8.20,28.64,0.00,234.76
296,"",224.19,70.94,0.00,15904.76
211,"",5.39,0.00,0.00,0.00
368,"",0.40,17.35,0.00,6.94
204,"",0.95,58.62,0.00,55.45
209,"",6.09,41.90,0.00,255.28
217,"",0.14,0.00,0.00,0.00
220,"",1.14,3276.07,0.00,3744.55
272,"",50.96,61.08,0.00,3112.57
290,"",91.34,76.12,0.00,6953.38
206,"",17.20,48.96,0.00,842.01
298,"",245.99,71.23,0.00,17521.96
581,"",23.74,11.45,0.00,271.78
579,"",15.94,10.91,0.00,173.97
582,"",137.92,25.84,0.00,3563.24
190,"",2.37,854.80,0.00,2027.58
201,"",1.23,158.46,0.00,195.06
205,"",10.54,270.16,0.00,2848.83
212,"",1.54,145.35,0.00,223.25
188,"",4.35,1523.30,0.00,6626.35
194,"",14.78,306.39,0.00,4527.83
267,"",28.34,77.53,0.00,2197.15
276,"",9.60,63.04,0.00,605.24
274,"",1.33,33.65,0.00,44.62
283,"",67.55,78.45,0.00,5299.30
288,"",24.23,79.07,0.00,1915.48
291,"",27.46,70.70,0.00,1941.35
295,"",16.18,62.36,0.00,1009.30
294,"",14.87,24.52,0.00,364.61
299,"",80.10,78.84,0.00,6315.00
304,"",31.72,130.59,0.00,4142.00
324,"",23.51,69.63,0.00,1636.79
367,"",29.80,79.26,0.00,2361.94
369,"",197.51,96.46,0.00,19051.24
371,"",310.55,86.55,0.00,26878.36
376,"",2.01,0.00,0.00,0.00
378,"",15.19,80.70,0.00,1225.46
286,"",7.27,81.26,0.00,590.94
314,"",77.23,94.02,0.00,7260.87
388,"",19.80,41.03,0.00,812.36
310,"",80.93,111.23,0.00,9001.39
227,"",0.97,0.00,0.00,0.00
230,"",1.57,0.00,0.00,0.00
358,"",3.38,0.00,0.00,0.00
393,"",4.30,0.00,0.00,0.00
412,"",7.59,0.00,0.00,0.00
187,"",1.85,1443.80,0.00,2675.36
197,"",4.18,314.58,0.00,1314.31
203,"",0.55,0.04,0.00,0.02
207,"",0.91,127.84,0.00,116.72
208,"",2.93,0.00,0.00,0.00
210,"",7.64,133.79,0.00,1021.88
214,"",14.20,444.74,0.00,6314.86
218,"",4.26,1482.70,0.00,6314.81
223,"",12.21,517.22,0.00,6314.73
234,"",0.76,0.00,0.00,0.00
237,"",31.47,6.36,0.00,200.17
239,"",5.90,0.00,0.00,0.00
249,"",43.58,0.00,0.00,0.00
247,"",5.95,0.00,0.00,0.00
252,"",63.88,0.02,0.00,1.21
257,"",1.51,51.20,0.00,77.31
264,"",20.32,0.00,0.00,0.00
268,"",3.39,0.00,0.00,0.00
275,"",18.60,82.16,0.00,1528.25
279,"",0.26,0.00,0.00,0.00
322,"",0.44,0.00,0.00,0.00
336,"",37.47,87.12,0.00,3264.38
199,"",7.16,343.79,0.00,2459.81
372,"",42.23,63.62,0.00,2687.14
373,"",113.76,85.09,0.00,9680.02
426,"",3.50,0.00,0.00,0.00
427,"",47.45,0.00,0.00,0.00
183,"",0.10,3101.20,0.00,310.12
184,"",0.09,1651.11,0.00,148.60
189,"",5.10,477.65,0.00,2437.94
192,"",1.53,377.67,0.00,576.32
202,"",0.01,0.00,0.00,0.00
233,"",9.94,0.00,0.00,0.00
242,"",3.68,129.59,0.00,476.63
243,"",49.57,0.00,0.00,0.00
248,"",4.73,187.49,0.00,886.84
282,"",0.85,114.42,0.00,97.83
315,"",3.89,118.23,0.00,459.93
370,"",17.61,135.35,0.00,2383.45
425,"",4.90,0.00,0.00,0.00
590,"",351.90,1.23,0.00,432.44
592,"",381.36,5.58,0.00,2126.94
584,"",27679.48,7.43,0.00,205550.32
585,"",615.90,8.42,0.00,5188.63
586,"",422.55,8.19,0.00,3461.19
587,"",393.00,8.21,0.00,3227.03
588,"",3431.00,8.13,0.00,27903.78
623,"",1728.85,10.07,0.00,17412.46
200,"",1501.55,20.46,0.00,30714.40
520,"",4478.00,27.18,0.00,121729.76
598,"",3259.13,31.27,0.00,101907.17
289,"",578.00,28.52,0.00,16483.76
185,"",64.30,70.69,0.00,4545.43
265,"",3.42,0.00,0.00,0.00
195,"",143.72,75.56,0.00,10858.78
591,"",218.60,1.66,0.00,362.88
604,"",298.29,3.36,0.00,1002.39
196,"",228.74,123.34,0.00,28212.50
216,"",11.57,0.00,0.00,0.00
215,"",2.90,0.00,0.00,0.00
253,"",0.59,0.00,0.00,0.00
150,"",600.00,4.77,0.00,2860.95
603,"",200.00,4.41,0.00,881.76
113,"",1.00,32.58,0.00,32.58
606,"",20.00,6.10,0.00,122.02
607,"",18.00,11.84,0.00,213.19
609,"",1.00,12500.40,0.00,12500.40
612,"",18.00,277.45,0.00,4994.13
611,"",132.00,359.56,0.00,47462.21
30,"",3300.00,0.42,0.00,1388.91
29,"",3600.00,0.28,0.00,993.51
613,"",1.00,151619.29,0.00,151619.29
614,"",1.00,14016.60,0.00,14016.60
615,"",100.00,19.53,0.00,1952.85
618,"",1.00,360.99,0.00,360.99
167,"",2.00,28.19,0.00,56.38
621,"",100.00,1.61,0.00,161.27
632,"",1.00,19474.33,0.00,19474.33
39,"",2.00,58.39,0.00,116.78
169,"",2.00,205.13,0.00,410.26
630,"",1.00,1689.88,0.00,1689.88
633,"",1.00,2541.07,0.00,2541.07
634,"",1.00,32669.22,0.00,32669.22
86,"",2.00,17563.22,0.00,35126.43
146,"",1.00,520.20,0.00,520.20
635,"",3074.00,1.63,0.00,5022.79
387,"",105.00,419.00,0.00,43995.33
390,"",101.00,0.33,0.00,33.12
160,"",1.00,3463.34,0.00,3463.34
4,"",1.00,10610.58,0.00,10610.58
5,"",1.00,12379.01,0.00,12379.01
55,"",3.00,131.14,0.00,393.43
511,"",1.00,2083.30,0.00,2083.30
638,"",1.00,1866.67,0.00,1866.67
31,"",1.00,1051.37,0.00,1051.37
119,"",1.00,1529.64,0.00,1529.64
640,"",1.00,757.90,0.00,757.90
152,"",16.00,20.21,0.00,323.41
155,"",6.00,17.36,0.00,104.19
154,"",3.00,4.91,0.00,14.72
563,"",39.76,450.21,0.00,17898.24
153,"",3.00,4.40,0.00,13.19
120,"",1.00,14842.89,0.00,14842.89
1078800,"",1.00,15450.19,0.00,15450.19
106,"",1.00,15667.49,0.00,15667.49
643,"",1.00,50000.00,0.00,50000.00
173,"",1.00,24177.90,0.00,24177.90
144,"",1.00,14842.89,0.00,14842.89
641,"",1.00,26340.00,0.00,26340.00
645,"",2.00,5327.60,0.00,10655.19
644,"",1.00,1327.17,0.00,1327.17
132,"",1.00,126.07,0.00,126.07
161,"",5.00,1690.10,0.00,8450.48
179,"",8.00,1823.03,0.00,14584.22
654,"",1.00,5444.68,0.00,5444.68
19,"",2.00,5.98,0.00,11.96
703,"",4.00,489.65,0.00,1958.60
660,"",600.00,8.66,0.00,5197.88
659,"",3350.00,10.52,0.00,35257.56
711,"",50.00,16.52,0.00,826.24
727,"",1425.00,9.65,0.00,13751.54
661,"",200.00,16.20,0.00,3240.23
133,"",1.00,134.02,0.00,134.02
667,"",1.00,1231.58,0.00,1231.58
668,"",9500.00,0.00,0.00,0.00
670,"",4.00,17.18,0.00,68.73
532,"",11.00,19.82,0.00,218.02
625,"",1.00,3800.00,0.00,3800.00
63,"",2.00,465.07,0.00,930.14
57,"",2.00,1557.68,0.00,3115.36
58,"",2.00,717.60,0.00,1435.19
95,"",6.00,34.11,0.00,204.65
181,"",3.00,42.99,0.00,128.96
182,"",8.00,42.99,0.00,343.89
671,"",454.35,3.24,0.00,1471.01
672,"",200.00,2.78,0.00,556.87
7,"",10.00,289.86,0.00,2898.57
114,"",1.00,3.86,0.00,3.86
53,"",1.00,8.01,0.00,8.01
407,"",117.00,12.65,0.00,1480.59
657,"",450.00,12.11,0.00,5449.69
151,"",1.00,275.87,0.00,275.87
24,"",1.00,711.45,0.00,711.45
505,"",125.00,13.78,0.00,1722.41
646,"",25.00,12.06,0.00,301.50
683,"",25.00,9.79,0.00,244.85
41,"",8.00,58.84,0.00,470.76
445,"",150.00,19.23,0.00,2884.95
676,"",100.00,13.20,0.00,1320.04
166,"",95.00,20.47,0.00,1944.18
677,"",19.00,30.10,0.00,571.99
678,"",116.00,9.96,0.00,1155.55
619,"",40.00,7.31,0.00,292.45
679,"",40.00,29.05,0.00,1161.80
444,"",60.00,29.11,0.00,1746.69
123,"",2.00,14847.27,0.00,29694.55
174,"",2.00,9844.64,0.00,19689.27
682,"",4.00,14.16,0.00,56.64
680,"",10000.00,0.00,0.00,0.00
32,"",1.00,25624.35,0.00,25624.35
637,"",1.00,2407.00,0.00,2407.00
687,"",1.00,34956.45,0.00,34956.45
35,"",24.00,5.31,0.00,127.36
36,"",8.00,8.21,0.00,65.65
37,"",6.00,6.85,0.00,41.10
28,"",1.00,359.80,0.00,359.80
138,"",1.00,278.53,0.00,278.53
175,"",1.00,406.82,0.00,406.82
76,"",2.00,5.29,0.00,10.57
97,"",1.00,2064.93,0.00,2064.93
695,"",191.00,43.74,0.00,8354.85
564,"",1.55,571.52,0.00,885.86
8,"",4.00,40.96,0.00,163.85
690,"",1.00,62500.00,0.00,62500.00
158,"",2.00,143.90,0.00,287.79
62,"",2.00,338.08,0.00,676.16
64,"",2.00,786.79,0.00,1573.59
65,"",2.00,349.60,0.00,699.20
59,"",2.00,370.42,0.00,740.84
60,"",2.00,247.19,0.00,494.38
61,"",2.00,1850.26,0.00,3700.51
565,"",1.20,98.00,0.00,117.89
48,"",7.00,71.64,0.00,501.46
126,"",2.00,46.18,0.00,92.36
50,"",2.00,54.59,0.00,109.17
110,"",1.00,57.36,0.00,57.36
694,"",1.00,559.87,0.00,559.87
697,"",1.00,829.17,0.00,829.17
698,"",1.00,394.25,0.00,394.25
699,"",13.46,1.53,0.00,20.60
148,"",1.00,16084.06,0.00,16084.06
135,"",1.00,107.50,0.00,107.50
136,"",1.00,93.79,0.00,93.79
137,"",1.00,93.79,0.00,93.79
141,"",2.00,3691.34,0.00,7382.68
700,"",2.00,3478.57,0.00,6957.15
52,"",2.00,11.77,0.00,23.54
109,"",1.00,11.56,0.00,11.56
131,"",1.00,2043.71,0.00,2043.71
707,"",600.00,0.28,0.00,169.04
706,"",6100.00,0.08,0.00,504.20
704,"",6300.00,0.03,0.00,157.28
708,"",100.00,7.41,0.00,740.72
709,"",1.00,5478.00,0.00,5478.00
529,"",140.00,172.06,0.00,24088.45
710,"",1.00,570.00,0.00,570.00
656,"",950.00,12.27,0.00,11658.25
3,"",5.00,27.61,0.00,138.03
391,"",30.00,154.59,0.00,4637.63
392,"",30.00,154.59,0.00,4637.63
385,"",101.00,247.56,0.00,25003.71
527,"",111.14,351.86,0.00,39107.28
556,"",10.05,748.80,0.00,7525.43
557,"",10.05,748.78,0.00,7525.28
558,"",10.05,926.23,0.00,9308.66
386,"",101.00,44.82,0.00,4527.07
647,"",96.00,270.48,0.00,25966.08
649,"",316.00,247.68,0.00,78268.05
650,"",444.00,269.47,0.00,119645.97
652,"",1236.00,235.03,0.00,290496.04
653,"",96.00,251.34,0.00,24128.65
718,"",3.50,390.61,0.00,1367.13
648,"",110.00,278.73,0.00,30660.78
714,"",1.00,3768.53,0.00,3768.53
715,"",2.00,40.23,0.00,80.46
509,"",19.65,45.99,0.00,903.67
628,"",54.75,0.00,0.00,0.01
725,"",217.05,3.45,0.00,749.17
180,"",1.00,2692.80,0.00,2692.80
142,"",1.00,378.86,0.00,378.86
726,"",2.00,5984.82,0.00,11969.65
157,"",2.00,1102.73,0.00,2205.46
168,"",2.00,41.52,0.00,83.05
85,"",30.00,3.27,0.00,98.10
15,"",3.00,2.38,0.00,7.13
14,"",17.00,1.49,0.00,25.36
77,"",1.00,164.02,0.00,164.02
40,"",1.00,232.79,0.00,232.79
728,"",1.00,205.69,0.00,205.69
730,"",2.00,1171.92,0.00,2343.84
731,"",1.00,714.04,0.00,714.04
118,"",1.00,125.95,0.00,125.95
47,"",1.00,621.75,0.00,621.75
92,"",2.00,29.09,0.00,58.18
91,"",1.00,225.13,0.00,225.13
25,"",10.00,57.84,0.00,578.45
734,"",18440.00,0.31,0.00,5737.38
