"000002","83617159000187","SC","20090504","20090428",2170,"NF","3","1902",282.50,0,0,0.00,0.00,0.00,0.00,0.00,282.50,"N",0.00,0.00,0.00,0.00,0.00,0.00,282.50,"",0.00,0.00,0.00,0.00,0.00,0.00,0.00,0.00,0.00,0.00,0.00,0.00,0.00,0.00,0.00,0.00,0.00,0.00,0.00,0.00,0.00,0.00,0.00,0.00,0.00,"","","","","","O","","",1,0.00,"",0.00,"",0.00,"",0.00,"",0.00,"",0.00,"",0.00,"",0.00,"",0.00,"",0.00,0.00,"O",0.00,0.00,0.00,0.00,0.00,0.00,0.00,0.00,0.00,0.00,0.00,0.00,0.00,0.00,0.00,0.00,0.00,0.00,0.00,0.00,0,"C","1",0.00,0.00,0.00,0,0,"","P",0.00,0.00,0.00,0.00,282.50,0.00,0.00,0.00,0.00,0.00,0.00,0.00,0.00,0.00,0.00,0.00,0.00,0.00,0.00,0.00,0.00,"02876495000142",0.00,0.00,0.00,0.00,0.00,0.00,0.00,0.00,0.00,0.00,0.00,0.00,0.00,0.00,0.00,0.00,0.00,0.00,0.00,0.00,0.00,0.00,0.00,0.00,0.00,0.00,0,0.00,0.00,0.00
"000003","83617159000187","SC","20090504","20090429",2171,"NF","3","1124",2080.00,0,0,0.00,0.00,0.00,0.00,0.00,2080.00,"N",0.00,0.00,0.00,0.00,0.00,0.00,2080.00,"",0.00,0.00,0.00,0.00,0.00,0.00,0.00,0.00,0.00,0.00,0.00,0.00,0.00,0.00,0.00,0.00,0.00,0.00,0.00,0.00,0.00,0.00,0.00,0.00,0.00,"","","","","","P","","",1,0.00,"",0.00,"",0.00,"",0.00,"",0.00,"",0.00,"",0.00,"",0.00,"",0.00,"",0.00,0.00,"O",0.00,0.00,0.00,0.00,0.00,0.00,0.00,0.00,0.00,0.00,0.00,0.00,0.00,0.00,0.00,0.00,0.00,0.00,0.00,0.00,0,"C","1",0.00,0.00,0.00,0,0,"","P",0.00,0.00,0.00,0.00,2080.00,0.00,0.00,0.00,0.00,0.00,0.00,0.00,0.00,0.00,0.00,0.00,0.00,0.00,0.00,0.00,0.00,"02876495000142",0.00,0.00,0.00,0.00,0.00,0.00,0.00,0.00,0.00,0.00,0.00,0.00,0.00,0.00,0.00,0.00,0.00,0.00,0.00,0.00,0.00,0.00,0.00,0.00,0.00,0.00,0,0.00,0.00,0.00
"000004","83617159000187","SC","20090504","20090502",2172,"NF","3","1124",3270.00,0,0,0.00,0.00,0.00,0.00,0.00,3270.00,"N",0.00,0.00,0.00,0.00,0.00,0.00,3270.00,"",0.00,0.00,0.00,0.00,0.00,0.00,0.00,0.00,0.00,0.00,0.00,0.00,0.00,0.00,0.00,0.00,0.00,0.00,0.00,0.00,0.00,0.00,0.00,0.00,0.00,"","","","","","P","","",1,0.00,"",0.00,"",0.00,"",0.00,"",0.00,"",0.00,"",0.00,"",0.00,"",0.00,"",0.00,0.00,"O",0.00,0.00,0.00,0.00,0.00,0.00,0.00,0.00,0.00,0.00,0.00,0.00,0.00,0.00,0.00,0.00,0.00,0.00,0.00,0.00,0,"C","1",0.00,0.00,0.00,0,0,"","P",0.00,0.00,0.00,0.00,3270.00,0.00,0.00,0.00,0.00,0.00,0.00,0.00,0.00,0.00,0.00,0.00,0.00,0.00,0.00,0.00,0.00,"02876495000142",0.00,0.00,0.00,0.00,0.00,0.00,0.00,0.00,0.00,0.00,0.00,0.00,0.00,0.00,0.00,0.00,0.00,0.00,0.00,0.00,0.00,0.00,0.00,0.00,0.00,0.00,0,0.00,0.00,0.00
"000005","83617159000187","SC","20090504","20090502",2173,"NF","3","1124",960.00,0,0,0.00,0.00,0.00,0.00,0.00,960.00,"N",0.00,0.00,0.00,0.00,0.00,0.00,960.00,"",0.00,0.00,0.00,0.00,0.00,0.00,0.00,0.00,0.00,0.00,0.00,0.00,0.00,0.00,0.00,0.00,0.00,0.00,0.00,0.00,0.00,0.00,0.00,0.00,0.00,"","","","","","P","","",1,0.00,"",0.00,"",0.00,"",0.00,"",0.00,"",0.00,"",0.00,"",0.00,"",0.00,"",0.00,0.00,"O",0.00,0.00,0.00,0.00,0.00,0.00,0.00,0.00,0.00,0.00,0.00,0.00,0.00,0.00,0.00,0.00,0.00,0.00,0.00,0.00,0,"C","1",0.00,0.00,0.00,0,0,"","P",0.00,0.00,0.00,0.00,960.00,0.00,0.00,0.00,0.00,0.00,0.00,0.00,0.00,0.00,0.00,0.00,0.00,0.00,0.00,0.00,0.00,"02876495000142",0.00,0.00,0.00,0.00,0.00,0.00,0.00,0.00,0.00,0.00,0.00,0.00,0.00,0.00,0.00,0.00,0.00,0.00,0.00,0.00,0.00,0.00,0.00,0.00,0.00,0.00,0,0.00,0.00,0.00
"000006","57010662001999","RS","20090505","20090428",549,"NF","1","2920",1458.78,0,0,0.00,0.00,0.00,0.00,0.00,1458.78,"N",0.00,0.00,0.00,0.00,0.00,0.00,1458.78,"",0.00,0.00,0.00,0.00,0.00,0.00,0.00,0.00,0.00,0.00,0.00,0.00,0.00,0.00,0.00,0.00,0.00,0.00,0.00,0.00,0.00,0.00,0.00,0.00,0.00,"","","","","","O","","",1,0.00,"",0.00,"",0.00,"",0.00,"",0.00,"",0.00,"",0.00,"",0.00,"",0.00,"",0.00,0.00,"O",0.00,0.00,0.00,0.00,0.00,0.00,0.00,0.00,0.00,0.00,0.00,0.00,0.00,0.00,0.00,0.00,0.00,0.00,0.00,0.00,0,"C","1",0.00,0.00,0.00,0,0,"","P",0.00,0.00,0.00,0.00,1458.78,0.00,0.00,0.00,0.00,0.00,0.00,0.00,0.00,0.00,0.00,0.00,0.00,0.00,0.00,0.00,0.00,"02876495000142",0.00,0.00,0.00,0.00,0.00,0.00,0.00,0.00,0.00,0.00,0.00,0.00,0.00,0.00,0.00,0.00,0.00,0.00,0.00,0.00,0.00,0.00,0.00,0.00,0.00,0.00,0,0.00,0.00,0.00
"000007","57010662001999","RS","20090505","20090428",548,"NF","1","2920",491.98,0,0,0.00,0.00,0.00,0.00,0.00,491.98,"N",0.00,0.00,0.00,0.00,0.00,0.00,491.98,"",0.00,0.00,0.00,0.00,0.00,0.00,0.00,0.00,0.00,0.00,0.00,0.00,0.00,0.00,0.00,0.00,0.00,0.00,0.00,0.00,0.00,0.00,0.00,0.00,0.00,"","","","","","O","","",1,0.00,"",0.00,"",0.00,"",0.00,"",0.00,"",0.00,"",0.00,"",0.00,"",0.00,"",0.00,0.00,"O",0.00,0.00,0.00,0.00,0.00,0.00,0.00,0.00,0.00,0.00,0.00,0.00,0.00,0.00,0.00,0.00,0.00,0.00,0.00,0.00,0,"C","1",0.00,0.00,0.00,0,0,"","P",0.00,0.00,0.00,0.00,491.98,0.00,0.00,0.00,0.00,0.00,0.00,0.00,0.00,0.00,0.00,0.00,0.00,0.00,0.00,0.00,0.00,"02876495000142",0.00,0.00,0.00,0.00,0.00,0.00,0.00,0.00,0.00,0.00,0.00,0.00,0.00,0.00,0.00,0.00,0.00,0.00,0.00,0.00,0.00,0.00,0.00,0.00,0.00,0.00,0,0.00,0.00,0.00
"000008","57010662001999","RS","20090505","20090430",569,"NF","1","2920",1458.78,0,0,0.00,0.00,0.00,0.00,0.00,1458.78,"N",0.00,0.00,0.00,0.00,0.00,0.00,1458.78,"",0.00,0.00,0.00,0.00,0.00,0.00,0.00,0.00,0.00,0.00,0.00,0.00,0.00,0.00,0.00,0.00,0.00,0.00,0.00,0.00,0.00,0.00,0.00,0.00,0.00,"","","","","","O","","",1,0.00,"",0.00,"",0.00,"",0.00,"",0.00,"",0.00,"",0.00,"",0.00,"",0.00,"",0.00,0.00,"O",0.00,0.00,0.00,0.00,0.00,0.00,0.00,0.00,0.00,0.00,0.00,0.00,0.00,0.00,0.00,0.00,0.00,0.00,0.00,0.00,0,"C","1",0.00,0.00,0.00,0,0,"","P",0.00,0.00,0.00,0.00,1458.78,0.00,0.00,0.00,0.00,0.00,0.00,0.00,0.00,0.00,0.00,0.00,0.00,0.00,0.00,0.00,0.00,"02876495000142",0.00,0.00,0.00,0.00,0.00,0.00,0.00,0.00,0.00,0.00,0.00,0.00,0.00,0.00,0.00,0.00,0.00,0.00,0.00,0.00,0.00,0.00,0.00,0.00,0.00,0.00,0,0.00,0.00,0.00
"000009","83617159000187","SC","20090505","20090505",2174,"NF","3","1124",800.00,0,0,0.00,0.00,0.00,0.00,0.00,800.00,"N",0.00,0.00,0.00,0.00,0.00,0.00,800.00,"",0.00,0.00,0.00,0.00,0.00,0.00,0.00,0.00,0.00,0.00,0.00,0.00,0.00,0.00,0.00,0.00,0.00,0.00,0.00,0.00,0.00,0.00,0.00,0.00,0.00,"","","","","","P","","",1,0.00,"",0.00,"",0.00,"",0.00,"",0.00,"",0.00,"",0.00,"",0.00,"",0.00,"",0.00,0.00,"O",0.00,0.00,0.00,0.00,0.00,0.00,0.00,0.00,0.00,0.00,0.00,0.00,0.00,0.00,0.00,0.00,0.00,0.00,0.00,0.00,0,"C","1",0.00,0.00,0.00,0,0,"","P",0.00,0.00,0.00,0.00,800.00,0.00,0.00,0.00,0.00,0.00,0.00,0.00,0.00,0.00,0.00,0.00,0.00,0.00,0.00,0.00,0.00,"02876495000142",0.00,0.00,0.00,0.00,0.00,0.00,0.00,0.00,0.00,0.00,0.00,0.00,0.00,0.00,0.00,0.00,0.00,0.00,0.00,0.00,0.00,0.00,0.00,0.00,0.00,0.00,0,0.00,0.00,0.00
"000010","83617159000187","SC","20090505","20090505",2175,"NF","3","1124",1040.00,0,0,0.00,0.00,0.00,0.00,0.00,1040.00,"N",0.00,0.00,0.00,0.00,0.00,0.00,1040.00,"",0.00,0.00,0.00,0.00,0.00,0.00,0.00,0.00,0.00,0.00,0.00,0.00,0.00,0.00,0.00,0.00,0.00,0.00,0.00,0.00,0.00,0.00,0.00,0.00,0.00,"","","","","","P","","",1,0.00,"",0.00,"",0.00,"",0.00,"",0.00,"",0.00,"",0.00,"",0.00,"",0.00,"",0.00,0.00,"O",0.00,0.00,0.00,0.00,0.00,0.00,0.00,0.00,0.00,0.00,0.00,0.00,0.00,0.00,0.00,0.00,0.00,0.00,0.00,0.00,0,"C","1",0.00,0.00,0.00,0,0,"","P",0.00,0.00,0.00,0.00,1040.00,0.00,0.00,0.00,0.00,0.00,0.00,0.00,0.00,0.00,0.00,0.00,0.00,0.00,0.00,0.00,0.00,"02876495000142",0.00,0.00,0.00,0.00,0.00,0.00,0.00,0.00,0.00,0.00,0.00,0.00,0.00,0.00,0.00,0.00,0.00,0.00,0.00,0.00,0.00,0.00,0.00,0.00,0.00,0.00,0,0.00,0.00,0.00
"000011","83617159000187","SC","20090505","20090505",2176,"NF","3","1902",11944.00,0,0,0.00,0.00,0.00,0.00,0.00,11944.00,"N",0.00,0.00,0.00,0.00,0.00,0.00,11944.00,"",0.00,0.00,0.00,0.00,0.00,0.00,0.00,0.00,0.00,0.00,0.00,0.00,0.00,0.00,0.00,0.00,0.00,0.00,0.00,0.00,0.00,0.00,0.00,0.00,0.00,"","","","","","O","","",1,0.00,"",0.00,"",0.00,"",0.00,"",0.00,"",0.00,"",0.00,"",0.00,"",0.00,"",0.00,0.00,"O",0.00,0.00,0.00,0.00,0.00,0.00,0.00,0.00,0.00,0.00,0.00,0.00,0.00,0.00,0.00,0.00,0.00,0.00,0.00,0.00,0,"C","1",0.00,0.00,0.00,0,0,"","P",0.00,0.00,0.00,0.00,11944.00,0.00,0.00,0.00,0.00,0.00,0.00,0.00,0.00,0.00,0.00,0.00,0.00,0.00,0.00,0.00,0.00,"02876495000142",0.00,0.00,0.00,0.00,0.00,0.00,0.00,0.00,0.00,0.00,0.00,0.00,0.00,0.00,0.00,0.00,0.00,0.00,0.00,0.00,0.00,0.00,0.00,0.00,0.00,0.00,0,0.00,0.00,0.00
"000012","82636820000139","SC","20090505","20090505",121350,"NF","1","1556",502.00,0,0,0.00,0.00,0.00,0.00,0.00,502.00,"N",0.00,0.00,0.00,0.00,0.00,0.00,502.00,"",0.00,0.00,0.00,0.00,0.00,0.00,0.00,0.00,0.00,0.00,0.00,0.00,0.00,0.00,0.00,0.00,0.00,0.00,0.00,0.00,0.00,0.00,0.00,0.00,0.00,"","","","","","V","","",1,0.00,"",0.00,"",0.00,"",0.00,"",0.00,"",0.00,"",0.00,"",0.00,"",0.00,"",0.00,0.00,"O",0.00,0.00,0.00,0.00,0.00,0.00,0.00,0.00,0.00,0.00,0.00,0.00,0.00,0.00,0.00,0.00,0.00,0.00,0.00,0.00,0,"C","1",0.00,0.00,0.00,0,0,"","P",0.00,0.00,0.00,0.00,502.00,0.00,0.00,0.00,0.00,0.00,0.00,0.00,0.00,0.00,0.00,0.00,0.00,0.00,0.00,0.00,0.00,"02876495000142",0.00,0.00,0.00,0.00,0.00,0.00,0.00,0.00,0.00,0.00,0.00,0.00,0.00,0.00,0.00,0.00,0.00,0.00,0.00,0.00,0.00,0.00,0.00,0.00,0.00,0.00,0,0.00,0.00,0.00
"000013","83617159000187","SC","20090506","20090506",2177,"NF","3","1124",624.00,0,0,0.00,0.00,0.00,0.00,0.00,624.00,"N",0.00,0.00,0.00,0.00,0.00,0.00,624.00,"",0.00,0.00,0.00,0.00,0.00,0.00,0.00,0.00,0.00,0.00,0.00,0.00,0.00,0.00,0.00,0.00,0.00,0.00,0.00,0.00,0.00,0.00,0.00,0.00,0.00,"","","","","","P","","",1,0.00,"",0.00,"",0.00,"",0.00,"",0.00,"",0.00,"",0.00,"",0.00,"",0.00,"",0.00,0.00,"O",0.00,0.00,0.00,0.00,0.00,0.00,0.00,0.00,0.00,0.00,0.00,0.00,0.00,0.00,0.00,0.00,0.00,0.00,0.00,0.00,0,"C","1",0.00,0.00,0.00,0,0,"","P",0.00,0.00,0.00,0.00,624.00,0.00,0.00,0.00,0.00,0.00,0.00,0.00,0.00,0.00,0.00,0.00,0.00,0.00,0.00,0.00,0.00,"02876495000142",0.00,0.00,0.00,0.00,0.00,0.00,0.00,0.00,0.00,0.00,0.00,0.00,0.00,0.00,0.00,0.00,0.00,0.00,0.00,0.00,0.00,0.00,0.00,0.00,0.00,0.00,0,0.00,0.00,0.00
"000014","83617159000187","SC","20090506","20090506",2178,"NF","3","1124",640.00,0,0,0.00,0.00,0.00,0.00,0.00,640.00,"N",0.00,0.00,0.00,0.00,0.00,0.00,640.00,"",0.00,0.00,0.00,0.00,0.00,0.00,0.00,0.00,0.00,0.00,0.00,0.00,0.00,0.00,0.00,0.00,0.00,0.00,0.00,0.00,0.00,0.00,0.00,0.00,0.00,"","","","","","P","","",1,0.00,"",0.00,"",0.00,"",0.00,"",0.00,"",0.00,"",0.00,"",0.00,"",0.00,"",0.00,0.00,"O",0.00,0.00,0.00,0.00,0.00,0.00,0.00,0.00,0.00,0.00,0.00,0.00,0.00,0.00,0.00,0.00,0.00,0.00,0.00,0.00,0,"C","1",0.00,0.00,0.00,0,0,"","P",0.00,0.00,0.00,0.00,640.00,0.00,0.00,0.00,0.00,0.00,0.00,0.00,0.00,0.00,0.00,0.00,0.00,0.00,0.00,0.00,0.00,"02876495000142",0.00,0.00,0.00,0.00,0.00,0.00,0.00,0.00,0.00,0.00,0.00,0.00,0.00,0.00,0.00,0.00,0.00,0.00,0.00,0.00,0.00,0.00,0.00,0.00,0.00,0.00,0,0.00,0.00,0.00
"000015","83617159000187","SC","20090506","20090506",2179,"NF","3","1124",960.00,0,0,0.00,0.00,0.00,0.00,0.00,960.00,"N",0.00,0.00,0.00,0.00,0.00,0.00,960.00,"",0.00,0.00,0.00,0.00,0.00,0.00,0.00,0.00,0.00,0.00,0.00,0.00,0.00,0.00,0.00,0.00,0.00,0.00,0.00,0.00,0.00,0.00,0.00,0.00,0.00,"","","","","","P","","",1,0.00,"",0.00,"",0.00,"",0.00,"",0.00,"",0.00,"",0.00,"",0.00,"",0.00,"",0.00,0.00,"O",0.00,0.00,0.00,0.00,0.00,0.00,0.00,0.00,0.00,0.00,0.00,0.00,0.00,0.00,0.00,0.00,0.00,0.00,0.00,0.00,0,"C","1",0.00,0.00,0.00,0,0,"","P",0.00,0.00,0.00,0.00,960.00,0.00,0.00,0.00,0.00,0.00,0.00,0.00,0.00,0.00,0.00,0.00,0.00,0.00,0.00,0.00,0.00,"02876495000142",0.00,0.00,0.00,0.00,0.00,0.00,0.00,0.00,0.00,0.00,0.00,0.00,0.00,0.00,0.00,0.00,0.00,0.00,0.00,0.00,0.00,0.00,0.00,0.00,0.00,0.00,0,0.00,0.00,0.00
"000016","83617159000187","SC","20090506","20090506",2180,"NF","3","1124",275.00,0,0,0.00,0.00,0.00,0.00,0.00,275.00,"N",0.00,0.00,0.00,0.00,0.00,0.00,275.00,"",0.00,0.00,0.00,0.00,0.00,0.00,0.00,0.00,0.00,0.00,0.00,0.00,0.00,0.00,0.00,0.00,0.00,0.00,0.00,0.00,0.00,0.00,0.00,0.00,0.00,"","","","","","P","","",1,0.00,"",0.00,"",0.00,"",0.00,"",0.00,"",0.00,"",0.00,"",0.00,"",0.00,"",0.00,0.00,"O",0.00,0.00,0.00,0.00,0.00,0.00,0.00,0.00,0.00,0.00,0.00,0.00,0.00,0.00,0.00,0.00,0.00,0.00,0.00,0.00,0,"C","1",0.00,0.00,0.00,0,0,"","P",0.00,0.00,0.00,0.00,275.00,0.00,0.00,0.00,0.00,0.00,0.00,0.00,0.00,0.00,0.00,0.00,0.00,0.00,0.00,0.00,0.00,"02876495000142",0.00,0.00,0.00,0.00,0.00,0.00,0.00,0.00,0.00,0.00,0.00,0.00,0.00,0.00,0.00,0.00,0.00,0.00,0.00,0.00,0.00,0.00,0.00,0.00,0.00,0.00,0,0.00,0.00,0.00
"000017","56167091000109","SP","20090507","20090505",7570,"NF","1","2921",2759.00,0,0,0.00,0.00,0.00,0.00,0.00,2759.00,"N",0.00,0.00,0.00,0.00,0.00,0.00,2759.00,"",0.00,0.00,0.00,0.00,0.00,0.00,0.00,0.00,0.00,0.00,0.00,0.00,0.00,0.00,0.00,0.00,0.00,0.00,0.00,0.00,0.00,0.00,0.00,0.00,0.00,"","","","","","O","","",1,0.00,"",0.00,"",0.00,"",0.00,"",0.00,"",0.00,"",0.00,"",0.00,"",0.00,"",0.00,0.00,"O",0.00,0.00,0.00,0.00,0.00,0.00,0.00,0.00,0.00,0.00,0.00,0.00,0.00,0.00,0.00,0.00,0.00,0.00,0.00,0.00,0,"C","1",0.00,0.00,0.00,0,0,"","P",0.00,0.00,0.00,0.00,2759.00,0.00,0.00,0.00,0.00,0.00,0.00,0.00,0.00,0.00,0.00,0.00,0.00,0.00,0.00,0.00,0.00,"02876495000142",0.00,0.00,0.00,0.00,0.00,0.00,0.00,0.00,0.00,0.00,0.00,0.00,0.00,0.00,0.00,0.00,0.00,0.00,0.00,0.00,0.00,0.00,0.00,0.00,0.00,0.00,0,0.00,0.00,0.00
"000018","80963598000153","SC","20090507","20090507",31795,"NF","2","1556",567.02,0,0,0.00,0.00,0.00,0.00,0.00,567.02,"N",0.00,0.00,0.00,0.00,0.00,0.00,567.02,"",0.00,0.00,0.00,0.00,0.00,0.00,0.00,0.00,0.00,0.00,0.00,0.00,0.00,0.00,0.00,0.00,0.00,0.00,0.00,0.00,0.00,0.00,0.00,0.00,0.00,"","","","","","P","","",1,0.00,"",0.00,"",0.00,"",0.00,"",0.00,"",0.00,"",0.00,"",0.00,"",0.00,"",0.00,0.00,"O",0.00,0.00,0.00,0.00,0.00,0.00,0.00,0.00,0.00,0.00,0.00,0.00,0.00,0.00,0.00,0.00,0.00,0.00,0.00,0.00,0,"C","1",0.00,0.00,0.00,0,0,"","P",0.00,0.00,0.00,0.00,567.02,0.00,0.00,0.00,0.00,0.00,0.00,0.00,0.00,0.00,0.00,0.00,0.00,0.00,0.00,0.00,0.00,"02876495000142",0.00,0.00,0.00,0.00,0.00,0.00,0.00,0.00,0.00,0.00,0.00,0.00,0.00,0.00,0.00,0.00,0.00,0.00,0.00,0.00,0.00,0.00,0.00,0.00,0.00,0.00,0,0.00,0.00,0.00
"000019","02788815000102","SC","20090507","20090507",12102,"NF","1","1556",750.00,0,0,0.00,0.00,0.00,0.00,0.00,750.00,"N",0.00,0.00,0.00,0.00,0.00,0.00,750.00,"",0.00,0.00,0.00,0.00,0.00,0.00,0.00,0.00,0.00,0.00,0.00,0.00,0.00,0.00,0.00,0.00,0.00,0.00,0.00,0.00,0.00,0.00,0.00,0.00,0.00,"","","","","","P","","",1,0.00,"",0.00,"",0.00,"",0.00,"",0.00,"",0.00,"",0.00,"",0.00,"",0.00,"",0.00,0.00,"O",0.00,0.00,0.00,0.00,0.00,0.00,0.00,0.00,0.00,0.00,0.00,0.00,0.00,0.00,0.00,0.00,0.00,0.00,0.00,0.00,0,"C","1",0.00,0.00,0.00,0,0,"","P",0.00,0.00,0.00,0.00,750.00,0.00,0.00,0.00,0.00,0.00,0.00,0.00,0.00,0.00,0.00,0.00,0.00,0.00,0.00,0.00,0.00,"02876495000142",0.00,0.00,0.00,0.00,0.00,0.00,0.00,0.00,0.00,0.00,0.00,0.00,0.00,0.00,0.00,0.00,0.00,0.00,0.00,0.00,0.00,0.00,0.00,0.00,0.00,0.00,0,0.00,0.00,0.00
"000020","92664028002519","SC","20090507","20090507",540806,"NF","1","1556",155.52,0,0,0.00,0.00,0.00,0.00,0.00,155.52,"N",0.00,0.00,0.00,0.00,0.00,0.00,155.52,"",0.00,0.00,0.00,0.00,0.00,0.00,0.00,0.00,0.00,0.00,0.00,0.00,0.00,0.00,0.00,0.00,0.00,0.00,0.00,0.00,0.00,0.00,0.00,0.00,0.00,"","","","","","P","","",1,0.00,"",0.00,"",0.00,"",0.00,"",0.00,"",0.00,"",0.00,"",0.00,"",0.00,"",0.00,0.00,"O",0.00,0.00,0.00,0.00,0.00,0.00,0.00,0.00,0.00,0.00,0.00,0.00,0.00,0.00,0.00,0.00,0.00,0.00,0.00,0.00,0,"C","1",0.00,0.00,0.00,0,0,"","P",0.00,0.00,0.00,0.00,155.52,0.00,0.00,0.00,0.00,0.00,0.00,0.00,0.00,0.00,0.00,0.00,0.00,0.00,0.00,0.00,0.00,"02876495000142",0.00,0.00,0.00,0.00,0.00,0.00,0.00,0.00,0.00,0.00,0.00,0.00,0.00,0.00,0.00,0.00,0.00,0.00,0.00,0.00,0.00,0.00,0.00,0.00,0.00,0.00,0,0.00,0.00,0.00
"000021","83617159000187","SC","20090508","20090508",2181,"NF","3","1124",770.00,0,0,0.00,0.00,0.00,0.00,0.00,770.00,"N",0.00,0.00,0.00,0.00,0.00,0.00,770.00,"",0.00,0.00,0.00,0.00,0.00,0.00,0.00,0.00,0.00,0.00,0.00,0.00,0.00,0.00,0.00,0.00,0.00,0.00,0.00,0.00,0.00,0.00,0.00,0.00,0.00,"","","","","","P","","",1,0.00,"",0.00,"",0.00,"",0.00,"",0.00,"",0.00,"",0.00,"",0.00,"",0.00,"",0.00,0.00,"O",0.00,0.00,0.00,0.00,0.00,0.00,0.00,0.00,0.00,0.00,0.00,0.00,0.00,0.00,0.00,0.00,0.00,0.00,0.00,0.00,0,"C","1",0.00,0.00,0.00,0,0,"","P",0.00,0.00,0.00,0.00,770.00,0.00,0.00,0.00,0.00,0.00,0.00,0.00,0.00,0.00,0.00,0.00,0.00,0.00,0.00,0.00,0.00,"02876495000142",0.00,0.00,0.00,0.00,0.00,0.00,0.00,0.00,0.00,0.00,0.00,0.00,0.00,0.00,0.00,0.00,0.00,0.00,0.00,0.00,0.00,0.00,0.00,0.00,0.00,0.00,0,0.00,0.00,0.00
"000022","83617159000187","SC","20090508","20090508",2182,"NF","3","1124",332.54,0,0,0.00,0.00,0.00,0.00,0.00,332.54,"N",0.00,0.00,0.00,0.00,0.00,0.00,332.54,"",0.00,0.00,0.00,0.00,0.00,0.00,0.00,0.00,0.00,0.00,0.00,0.00,0.00,0.00,0.00,0.00,0.00,0.00,0.00,0.00,0.00,0.00,0.00,0.00,0.00,"","","","","","P","","",1,0.00,"",0.00,"",0.00,"",0.00,"",0.00,"",0.00,"",0.00,"",0.00,"",0.00,"",0.00,0.00,"O",0.00,0.00,0.00,0.00,0.00,0.00,0.00,0.00,0.00,0.00,0.00,0.00,0.00,0.00,0.00,0.00,0.00,0.00,0.00,0.00,0,"C","1",0.00,0.00,0.00,0,0,"","P",0.00,0.00,0.00,0.00,332.54,0.00,0.00,0.00,0.00,0.00,0.00,0.00,0.00,0.00,0.00,0.00,0.00,0.00,0.00,0.00,0.00,"02876495000142",0.00,0.00,0.00,0.00,0.00,0.00,0.00,0.00,0.00,0.00,0.00,0.00,0.00,0.00,0.00,0.00,0.00,0.00,0.00,0.00,0.00,0.00,0.00,0.00,0.00,0.00,0,0.00,0.00,0.00
"000023","83617159000187","SC","20090508","20090508",2183,"NF","3","1902",7348.50,0,0,0.00,0.00,0.00,0.00,0.00,7348.50,"N",0.00,0.00,0.00,0.00,0.00,0.00,7348.50,"",0.00,0.00,0.00,0.00,0.00,0.00,0.00,0.00,0.00,0.00,0.00,0.00,0.00,0.00,0.00,0.00,0.00,0.00,0.00,0.00,0.00,0.00,0.00,0.00,0.00,"","","","","","O","","",1,0.00,"",0.00,"",0.00,"",0.00,"",0.00,"",0.00,"",0.00,"",0.00,"",0.00,"",0.00,0.00,"O",0.00,0.00,0.00,0.00,0.00,0.00,0.00,0.00,0.00,0.00,0.00,0.00,0.00,0.00,0.00,0.00,0.00,0.00,0.00,0.00,0,"C","1",0.00,0.00,0.00,0,0,"","P",0.00,0.00,0.00,0.00,7348.50,0.00,0.00,0.00,0.00,0.00,0.00,0.00,0.00,0.00,0.00,0.00,0.00,0.00,0.00,0.00,0.00,"02876495000142",0.00,0.00,0.00,0.00,0.00,0.00,0.00,0.00,0.00,0.00,0.00,0.00,0.00,0.00,0.00,0.00,0.00,0.00,0.00,0.00,0.00,0.00,0.00,0.00,0.00,0.00,0,0.00,0.00,0.00
"000024","83617159000187","SC","20090508","20090508",2184,"NF","3","1124",330.00,0,0,0.00,0.00,0.00,0.00,0.00,330.00,"N",0.00,0.00,0.00,0.00,0.00,0.00,330.00,"",0.00,0.00,0.00,0.00,0.00,0.00,0.00,0.00,0.00,0.00,0.00,0.00,0.00,0.00,0.00,0.00,0.00,0.00,0.00,0.00,0.00,0.00,0.00,0.00,0.00,"","","","","","P","","",1,0.00,"",0.00,"",0.00,"",0.00,"",0.00,"",0.00,"",0.00,"",0.00,"",0.00,"",0.00,0.00,"O",0.00,0.00,0.00,0.00,0.00,0.00,0.00,0.00,0.00,0.00,0.00,0.00,0.00,0.00,0.00,0.00,0.00,0.00,0.00,0.00,0,"C","1",0.00,0.00,0.00,0,0,"","P",0.00,0.00,0.00,0.00,330.00,0.00,0.00,0.00,0.00,0.00,0.00,0.00,0.00,0.00,0.00,0.00,0.00,0.00,0.00,0.00,0.00,"02876495000142",0.00,0.00,0.00,0.00,0.00,0.00,0.00,0.00,0.00,0.00,0.00,0.00,0.00,0.00,0.00,0.00,0.00,0.00,0.00,0.00,0.00,0.00,0.00,0.00,0.00,0.00,0,0.00,0.00,0.00
"000025","83617159000187","SC","20090508","20090508",2185,"NF","3","1124",720.00,0,0,0.00,0.00,0.00,0.00,0.00,720.00,"N",0.00,0.00,0.00,0.00,0.00,0.00,720.00,"",0.00,0.00,0.00,0.00,0.00,0.00,0.00,0.00,0.00,0.00,0.00,0.00,0.00,0.00,0.00,0.00,0.00,0.00,0.00,0.00,0.00,0.00,0.00,0.00,0.00,"","","","","","P","","",1,0.00,"",0.00,"",0.00,"",0.00,"",0.00,"",0.00,"",0.00,"",0.00,"",0.00,"",0.00,0.00,"O",0.00,0.00,0.00,0.00,0.00,0.00,0.00,0.00,0.00,0.00,0.00,0.00,0.00,0.00,0.00,0.00,0.00,0.00,0.00,0.00,0,"C","1",0.00,0.00,0.00,0,0,"","P",0.00,0.00,0.00,0.00,720.00,0.00,0.00,0.00,0.00,0.00,0.00,0.00,0.00,0.00,0.00,0.00,0.00,0.00,0.00,0.00,0.00,"02876495000142",0.00,0.00,0.00,0.00,0.00,0.00,0.00,0.00,0.00,0.00,0.00,0.00,0.00,0.00,0.00,0.00,0.00,0.00,0.00,0.00,0.00,0.00,0.00,0.00,0.00,0.00,0,0.00,0.00,0.00
"000026","83617159000187","SC","20090508","20090508",2187,"NF","3","1124",720.00,0,0,0.00,0.00,0.00,0.00,0.00,720.00,"N",0.00,0.00,0.00,0.00,0.00,0.00,720.00,"",0.00,0.00,0.00,0.00,0.00,0.00,0.00,0.00,0.00,0.00,0.00,0.00,0.00,0.00,0.00,0.00,0.00,0.00,0.00,0.00,0.00,0.00,0.00,0.00,0.00,"","","","","","P","","",1,0.00,"",0.00,"",0.00,"",0.00,"",0.00,"",0.00,"",0.00,"",0.00,"",0.00,"",0.00,0.00,"O",0.00,0.00,0.00,0.00,0.00,0.00,0.00,0.00,0.00,0.00,0.00,0.00,0.00,0.00,0.00,0.00,0.00,0.00,0.00,0.00,0,"C","1",0.00,0.00,0.00,0,0,"","P",0.00,0.00,0.00,0.00,720.00,0.00,0.00,0.00,0.00,0.00,0.00,0.00,0.00,0.00,0.00,0.00,0.00,0.00,0.00,0.00,0.00,"02876495000142",0.00,0.00,0.00,0.00,0.00,0.00,0.00,0.00,0.00,0.00,0.00,0.00,0.00,0.00,0.00,0.00,0.00,0.00,0.00,0.00,0.00,0.00,0.00,0.00,0.00,0.00,0,0.00,0.00,0.00
"000027","83617159000187","SC","20090508","20090508",2186,"NF","3","1124",960.00,0,0,0.00,0.00,0.00,0.00,0.00,960.00,"N",0.00,0.00,0.00,0.00,0.00,0.00,960.00,"",0.00,0.00,0.00,0.00,0.00,0.00,0.00,0.00,0.00,0.00,0.00,0.00,0.00,0.00,0.00,0.00,0.00,0.00,0.00,0.00,0.00,0.00,0.00,0.00,0.00,"","","","","","P","","",1,0.00,"",0.00,"",0.00,"",0.00,"",0.00,"",0.00,"",0.00,"",0.00,"",0.00,"",0.00,0.00,"O",0.00,0.00,0.00,0.00,0.00,0.00,0.00,0.00,0.00,0.00,0.00,0.00,0.00,0.00,0.00,0.00,0.00,0.00,0.00,0.00,0,"C","1",0.00,0.00,0.00,0,0,"","P",0.00,0.00,0.00,0.00,960.00,0.00,0.00,0.00,0.00,0.00,0.00,0.00,0.00,0.00,0.00,0.00,0.00,0.00,0.00,0.00,0.00,"02876495000142",0.00,0.00,0.00,0.00,0.00,0.00,0.00,0.00,0.00,0.00,0.00,0.00,0.00,0.00,0.00,0.00,0.00,0.00,0.00,0.00,0.00,0.00,0.00,0.00,0.00,0.00,0,0.00,0.00,0.00
"000028","03509521000248","BA","20090511","20090430",553,"NF","1","2921",141.40,0,0,0.00,0.00,0.00,0.00,0.00,141.40,"N",0.00,0.00,0.00,0.00,0.00,0.00,141.40,"",0.00,0.00,0.00,0.00,0.00,0.00,0.00,0.00,0.00,0.00,0.00,0.00,0.00,0.00,0.00,0.00,0.00,0.00,0.00,0.00,0.00,0.00,0.00,0.00,0.00,"","","","","","O","","",1,0.00,"",0.00,"",0.00,"",0.00,"",0.00,"",0.00,"",0.00,"",0.00,"",0.00,"",0.00,0.00,"O",0.00,0.00,0.00,0.00,0.00,0.00,0.00,0.00,0.00,0.00,0.00,0.00,0.00,0.00,0.00,0.00,0.00,0.00,0.00,0.00,0,"C","1",0.00,0.00,0.00,0,0,"","P",0.00,0.00,0.00,0.00,141.40,0.00,0.00,0.00,0.00,0.00,0.00,0.00,0.00,0.00,0.00,0.00,0.00,0.00,0.00,0.00,0.00,"02876495000142",0.00,0.00,0.00,0.00,0.00,0.00,0.00,0.00,0.00,0.00,0.00,0.00,0.00,0.00,0.00,0.00,0.00,0.00,0.00,0.00,0.00,0.00,0.00,0.00,0.00,0.00,0,0.00,0.00,0.00
"000029","03509521000248","BA","20090511","20090430",552,"NF","1","2920",3132.83,0,0,0.00,0.00,0.00,0.00,0.00,3132.83,"N",0.00,0.00,0.00,0.00,0.00,0.00,3132.83,"",0.00,0.00,0.00,0.00,0.00,0.00,0.00,0.00,0.00,0.00,0.00,0.00,0.00,0.00,0.00,0.00,0.00,0.00,0.00,0.00,0.00,0.00,0.00,0.00,0.00,"","","","","","O","","",1,0.00,"",0.00,"",0.00,"",0.00,"",0.00,"",0.00,"",0.00,"",0.00,"",0.00,"",0.00,0.00,"O",0.00,0.00,0.00,0.00,0.00,0.00,0.00,0.00,0.00,0.00,0.00,0.00,0.00,0.00,0.00,0.00,0.00,0.00,0.00,0.00,0,"C","1",0.00,0.00,0.00,0,0,"","P",0.00,0.00,0.00,0.00,3132.83,0.00,0.00,0.00,0.00,0.00,0.00,0.00,0.00,0.00,0.00,0.00,0.00,0.00,0.00,0.00,0.00,"02876495000142",0.00,0.00,0.00,0.00,0.00,0.00,0.00,0.00,0.00,0.00,0.00,0.00,0.00,0.00,0.00,0.00,0.00,0.00,0.00,0.00,0.00,0.00,0.00,0.00,0.00,0.00,0,0.00,0.00,0.00
"000030","57010662000160","SP","20090511","20090504",2772,"NF","1","2920",1582.00,0,0,0.00,0.00,0.00,0.00,0.00,1582.00,"N",0.00,0.00,0.00,0.00,0.00,0.00,1582.00,"",0.00,0.00,0.00,0.00,0.00,0.00,0.00,0.00,0.00,0.00,0.00,0.00,0.00,0.00,0.00,0.00,0.00,0.00,0.00,0.00,0.00,0.00,0.00,0.00,0.00,"","","","","","O","","",1,0.00,"",0.00,"",0.00,"",0.00,"",0.00,"",0.00,"",0.00,"",0.00,"",0.00,"",0.00,0.00,"O",0.00,0.00,0.00,0.00,0.00,0.00,0.00,0.00,0.00,0.00,0.00,0.00,0.00,0.00,0.00,0.00,0.00,0.00,0.00,0.00,0,"C","1",0.00,0.00,0.00,0,0,"","P",0.00,0.00,0.00,0.00,1582.00,0.00,0.00,0.00,0.00,0.00,0.00,0.00,0.00,0.00,0.00,0.00,0.00,0.00,0.00,0.00,0.00,"02876495000142",0.00,0.00,0.00,0.00,0.00,0.00,0.00,0.00,0.00,0.00,0.00,0.00,0.00,0.00,0.00,0.00,0.00,0.00,0.00,0.00,0.00,0.00,0.00,0.00,0.00,0.00,0,0.00,0.00,0.00
"000031","57010662000160","SP","20090511","20090504",2773,"NF","1","2921",1328.20,0,0,0.00,0.00,0.00,0.00,0.00,1328.20,"N",0.00,0.00,0.00,0.00,0.00,0.00,1328.20,"",0.00,0.00,0.00,0.00,0.00,0.00,0.00,0.00,0.00,0.00,0.00,0.00,0.00,0.00,0.00,0.00,0.00,0.00,0.00,0.00,0.00,0.00,0.00,0.00,0.00,"","","","","","O","","",1,0.00,"",0.00,"",0.00,"",0.00,"",0.00,"",0.00,"",0.00,"",0.00,"",0.00,"",0.00,0.00,"O",0.00,0.00,0.00,0.00,0.00,0.00,0.00,0.00,0.00,0.00,0.00,0.00,0.00,0.00,0.00,0.00,0.00,0.00,0.00,0.00,0,"C","1",0.00,0.00,0.00,0,0,"","P",0.00,0.00,0.00,0.00,1328.20,0.00,0.00,0.00,0.00,0.00,0.00,0.00,0.00,0.00,0.00,0.00,0.00,0.00,0.00,0.00,0.00,"02876495000142",0.00,0.00,0.00,0.00,0.00,0.00,0.00,0.00,0.00,0.00,0.00,0.00,0.00,0.00,0.00,0.00,0.00,0.00,0.00,0.00,0.00,0.00,0.00,0.00,0.00,0.00,0,0.00,0.00,0.00
"000032","57010662001999","RS","20090511","20090506",607,"NF","1","2920",491.98,0,0,0.00,0.00,0.00,0.00,0.00,491.98,"N",0.00,0.00,0.00,0.00,0.00,0.00,491.98,"",0.00,0.00,0.00,0.00,0.00,0.00,0.00,0.00,0.00,0.00,0.00,0.00,0.00,0.00,0.00,0.00,0.00,0.00,0.00,0.00,0.00,0.00,0.00,0.00,0.00,"","","","","","O","","",1,0.00,"",0.00,"",0.00,"",0.00,"",0.00,"",0.00,"",0.00,"",0.00,"",0.00,"",0.00,0.00,"O",0.00,0.00,0.00,0.00,0.00,0.00,0.00,0.00,0.00,0.00,0.00,0.00,0.00,0.00,0.00,0.00,0.00,0.00,0.00,0.00,0,"C","1",0.00,0.00,0.00,0,0,"","P",0.00,0.00,0.00,0.00,491.98,0.00,0.00,0.00,0.00,0.00,0.00,0.00,0.00,0.00,0.00,0.00,0.00,0.00,0.00,0.00,0.00,"02876495000142",0.00,0.00,0.00,0.00,0.00,0.00,0.00,0.00,0.00,0.00,0.00,0.00,0.00,0.00,0.00,0.00,0.00,0.00,0.00,0.00,0.00,0.00,0.00,0.00,0.00,0.00,0,0.00,0.00,0.00
"000033","57010662001999","RS","20090511","20090506",606,"NF","1","2920",1458.78,0,0,0.00,0.00,0.00,0.00,0.00,1458.78,"N",0.00,0.00,0.00,0.00,0.00,0.00,1458.78,"",0.00,0.00,0.00,0.00,0.00,0.00,0.00,0.00,0.00,0.00,0.00,0.00,0.00,0.00,0.00,0.00,0.00,0.00,0.00,0.00,0.00,0.00,0.00,0.00,0.00,"","","","","","O","","",1,0.00,"",0.00,"",0.00,"",0.00,"",0.00,"",0.00,"",0.00,"",0.00,"",0.00,"",0.00,0.00,"O",0.00,0.00,0.00,0.00,0.00,0.00,0.00,0.00,0.00,0.00,0.00,0.00,0.00,0.00,0.00,0.00,0.00,0.00,0.00,0.00,0,"C","1",0.00,0.00,0.00,0,0,"","P",0.00,0.00,0.00,0.00,1458.78,0.00,0.00,0.00,0.00,0.00,0.00,0.00,0.00,0.00,0.00,0.00,0.00,0.00,0.00,0.00,0.00,"02876495000142",0.00,0.00,0.00,0.00,0.00,0.00,0.00,0.00,0.00,0.00,0.00,0.00,0.00,0.00,0.00,0.00,0.00,0.00,0.00,0.00,0.00,0.00,0.00,0.00,0.00,0.00,0,0.00,0.00,0.00
"000034","00682614000109","SC","20090511","20090511",45274,"NF","2","1556",86.00,0,0,0.00,0.00,0.00,0.00,0.00,86.00,"N",0.00,0.00,0.00,0.00,0.00,0.00,86.00,"",0.00,0.00,0.00,0.00,0.00,0.00,0.00,0.00,0.00,0.00,0.00,0.00,0.00,0.00,0.00,0.00,0.00,0.00,0.00,0.00,0.00,0.00,0.00,0.00,0.00,"","","","","","P","","",1,0.00,"",0.00,"",0.00,"",0.00,"",0.00,"",0.00,"",0.00,"",0.00,"",0.00,"",0.00,0.00,"O",0.00,0.00,0.00,0.00,0.00,0.00,0.00,0.00,0.00,0.00,0.00,0.00,0.00,0.00,0.00,0.00,0.00,0.00,0.00,0.00,0,"C","1",0.00,0.00,0.00,0,0,"","P",0.00,0.00,0.00,0.00,86.00,0.00,0.00,0.00,0.00,0.00,0.00,0.00,0.00,0.00,0.00,0.00,0.00,0.00,0.00,0.00,0.00,"02876495000142",0.00,0.00,0.00,0.00,0.00,0.00,0.00,0.00,0.00,0.00,0.00,0.00,0.00,0.00,0.00,0.00,0.00,0.00,0.00,0.00,0.00,0.00,0.00,0.00,0.00,0.00,0,0.00,0.00,0.00
"000035","03497276000115","SC","20090511","20090511",344,"NF","1","1556",416.80,0,0,0.00,0.00,0.00,0.00,0.00,416.80,"N",0.00,0.00,0.00,0.00,0.00,0.00,416.80,"",0.00,0.00,0.00,0.00,0.00,0.00,0.00,0.00,0.00,0.00,0.00,0.00,0.00,0.00,0.00,0.00,0.00,0.00,0.00,0.00,0.00,0.00,0.00,0.00,0.00,"","","","","","V","","",1,0.00,"",0.00,"",0.00,"",0.00,"",0.00,"",0.00,"",0.00,"",0.00,"",0.00,"",0.00,0.00,"O",0.00,0.00,0.00,0.00,0.00,0.00,0.00,0.00,0.00,0.00,0.00,0.00,0.00,0.00,0.00,0.00,0.00,0.00,0.00,0.00,0,"C","1",0.00,0.00,0.00,0,0,"","P",0.00,0.00,0.00,0.00,416.80,0.00,0.00,0.00,0.00,0.00,0.00,0.00,0.00,0.00,0.00,0.00,0.00,0.00,0.00,0.00,0.00,"02876495000142",0.00,0.00,0.00,0.00,0.00,0.00,0.00,0.00,0.00,0.00,0.00,0.00,0.00,0.00,0.00,0.00,0.00,0.00,0.00,0.00,0.00,0.00,0.00,0.00,0.00,0.00,0,0.00,0.00,0.00
"000036","83617159000187","SC","20090511","20090511",2188,"NF","3","1902",645.50,0,0,0.00,0.00,0.00,0.00,0.00,645.50,"N",0.00,0.00,0.00,0.00,0.00,0.00,645.50,"",0.00,0.00,0.00,0.00,0.00,0.00,0.00,0.00,0.00,0.00,0.00,0.00,0.00,0.00,0.00,0.00,0.00,0.00,0.00,0.00,0.00,0.00,0.00,0.00,0.00,"","","","","","O","","",1,0.00,"",0.00,"",0.00,"",0.00,"",0.00,"",0.00,"",0.00,"",0.00,"",0.00,"",0.00,0.00,"O",0.00,0.00,0.00,0.00,0.00,0.00,0.00,0.00,0.00,0.00,0.00,0.00,0.00,0.00,0.00,0.00,0.00,0.00,0.00,0.00,0,"C","1",0.00,0.00,0.00,0,0,"","P",0.00,0.00,0.00,0.00,645.50,0.00,0.00,0.00,0.00,0.00,0.00,0.00,0.00,0.00,0.00,0.00,0.00,0.00,0.00,0.00,0.00,"02876495000142",0.00,0.00,0.00,0.00,0.00,0.00,0.00,0.00,0.00,0.00,0.00,0.00,0.00,0.00,0.00,0.00,0.00,0.00,0.00,0.00,0.00,0.00,0.00,0.00,0.00,0.00,0,0.00,0.00,0.00
"000037","83617159000187","SC","20090512","20090512",2189,"NF","3","1124",852.90,0,0,0.00,0.00,0.00,0.00,0.00,852.90,"N",0.00,0.00,0.00,0.00,0.00,0.00,852.90,"",0.00,0.00,0.00,0.00,0.00,0.00,0.00,0.00,0.00,0.00,0.00,0.00,0.00,0.00,0.00,0.00,0.00,0.00,0.00,0.00,0.00,0.00,0.00,0.00,0.00,"","","","","","P","","",1,0.00,"",0.00,"",0.00,"",0.00,"",0.00,"",0.00,"",0.00,"",0.00,"",0.00,"",0.00,0.00,"O",0.00,0.00,0.00,0.00,0.00,0.00,0.00,0.00,0.00,0.00,0.00,0.00,0.00,0.00,0.00,0.00,0.00,0.00,0.00,0.00,0,"C","1",0.00,0.00,0.00,0,0,"","P",0.00,0.00,0.00,0.00,852.90,0.00,0.00,0.00,0.00,0.00,0.00,0.00,0.00,0.00,0.00,0.00,0.00,0.00,0.00,0.00,0.00,"02876495000142",0.00,0.00,0.00,0.00,0.00,0.00,0.00,0.00,0.00,0.00,0.00,0.00,0.00,0.00,0.00,0.00,0.00,0.00,0.00,0.00,0.00,0.00,0.00,0.00,0.00,0.00,0,0.00,0.00,0.00
"000038","83617159000187","SC","20090512","20090512",2190,"NF","3","1124",820.70,0,0,0.00,0.00,0.00,0.00,0.00,820.70,"N",0.00,0.00,0.00,0.00,0.00,0.00,820.70,"",0.00,0.00,0.00,0.00,0.00,0.00,0.00,0.00,0.00,0.00,0.00,0.00,0.00,0.00,0.00,0.00,0.00,0.00,0.00,0.00,0.00,0.00,0.00,0.00,0.00,"","","","","","P","","",1,0.00,"",0.00,"",0.00,"",0.00,"",0.00,"",0.00,"",0.00,"",0.00,"",0.00,"",0.00,0.00,"O",0.00,0.00,0.00,0.00,0.00,0.00,0.00,0.00,0.00,0.00,0.00,0.00,0.00,0.00,0.00,0.00,0.00,0.00,0.00,0.00,0,"C","1",0.00,0.00,0.00,0,0,"","P",0.00,0.00,0.00,0.00,820.70,0.00,0.00,0.00,0.00,0.00,0.00,0.00,0.00,0.00,0.00,0.00,0.00,0.00,0.00,0.00,0.00,"02876495000142",0.00,0.00,0.00,0.00,0.00,0.00,0.00,0.00,0.00,0.00,0.00,0.00,0.00,0.00,0.00,0.00,0.00,0.00,0.00,0.00,0.00,0.00,0.00,0.00,0.00,0.00,0,0.00,0.00,0.00
"000039","83617159000187","SC","20090512","20090512",2191,"NF","3","1124",960.00,0,0,0.00,0.00,0.00,0.00,0.00,960.00,"N",0.00,0.00,0.00,0.00,0.00,0.00,960.00,"",0.00,0.00,0.00,0.00,0.00,0.00,0.00,0.00,0.00,0.00,0.00,0.00,0.00,0.00,0.00,0.00,0.00,0.00,0.00,0.00,0.00,0.00,0.00,0.00,0.00,"","","","","","P","","",1,0.00,"",0.00,"",0.00,"",0.00,"",0.00,"",0.00,"",0.00,"",0.00,"",0.00,"",0.00,0.00,"O",0.00,0.00,0.00,0.00,0.00,0.00,0.00,0.00,0.00,0.00,0.00,0.00,0.00,0.00,0.00,0.00,0.00,0.00,0.00,0.00,0,"C","1",0.00,0.00,0.00,0,0,"","P",0.00,0.00,0.00,0.00,960.00,0.00,0.00,0.00,0.00,0.00,0.00,0.00,0.00,0.00,0.00,0.00,0.00,0.00,0.00,0.00,0.00,"02876495000142",0.00,0.00,0.00,0.00,0.00,0.00,0.00,0.00,0.00,0.00,0.00,0.00,0.00,0.00,0.00,0.00,0.00,0.00,0.00,0.00,0.00,0.00,0.00,0.00,0.00,0.00,0,0.00,0.00,0.00
"000040","83617159000187","SC","20090512","20090512",2192,"NF","3","1124",880.00,0,0,0.00,0.00,0.00,0.00,0.00,880.00,"N",0.00,0.00,0.00,0.00,0.00,0.00,880.00,"",0.00,0.00,0.00,0.00,0.00,0.00,0.00,0.00,0.00,0.00,0.00,0.00,0.00,0.00,0.00,0.00,0.00,0.00,0.00,0.00,0.00,0.00,0.00,0.00,0.00,"","","","","","P","","",1,0.00,"",0.00,"",0.00,"",0.00,"",0.00,"",0.00,"",0.00,"",0.00,"",0.00,"",0.00,0.00,"O",0.00,0.00,0.00,0.00,0.00,0.00,0.00,0.00,0.00,0.00,0.00,0.00,0.00,0.00,0.00,0.00,0.00,0.00,0.00,0.00,0,"C","1",0.00,0.00,0.00,0,0,"","P",0.00,0.00,0.00,0.00,880.00,0.00,0.00,0.00,0.00,0.00,0.00,0.00,0.00,0.00,0.00,0.00,0.00,0.00,0.00,0.00,0.00,"02876495000142",0.00,0.00,0.00,0.00,0.00,0.00,0.00,0.00,0.00,0.00,0.00,0.00,0.00,0.00,0.00,0.00,0.00,0.00,0.00,0.00,0.00,0.00,0.00,0.00,0.00,0.00,0,0.00,0.00,0.00
"000041","83617159000187","SC","20090512","20090512",2193,"NF","3","1124",160.00,0,0,0.00,0.00,0.00,0.00,0.00,160.00,"N",0.00,0.00,0.00,0.00,0.00,0.00,160.00,"",0.00,0.00,0.00,0.00,0.00,0.00,0.00,0.00,0.00,0.00,0.00,0.00,0.00,0.00,0.00,0.00,0.00,0.00,0.00,0.00,0.00,0.00,0.00,0.00,0.00,"","","","","","P","","",1,0.00,"",0.00,"",0.00,"",0.00,"",0.00,"",0.00,"",0.00,"",0.00,"",0.00,"",0.00,0.00,"O",0.00,0.00,0.00,0.00,0.00,0.00,0.00,0.00,0.00,0.00,0.00,0.00,0.00,0.00,0.00,0.00,0.00,0.00,0.00,0.00,0,"C","1",0.00,0.00,0.00,0,0,"","P",0.00,0.00,0.00,0.00,160.00,0.00,0.00,0.00,0.00,0.00,0.00,0.00,0.00,0.00,0.00,0.00,0.00,0.00,0.00,0.00,0.00,"02876495000142",0.00,0.00,0.00,0.00,0.00,0.00,0.00,0.00,0.00,0.00,0.00,0.00,0.00,0.00,0.00,0.00,0.00,0.00,0.00,0.00,0.00,0.00,0.00,0.00,0.00,0.00,0,0.00,0.00,0.00
"000042","01804881000166","SC","20090513","20090430",974,"NF","1","1556",405.00,0,0,0.00,0.00,0.00,0.00,0.00,405.00,"N",0.00,0.00,0.00,0.00,0.00,0.00,405.00,"",0.00,0.00,0.00,0.00,0.00,0.00,0.00,0.00,0.00,0.00,0.00,0.00,0.00,0.00,0.00,0.00,0.00,0.00,0.00,0.00,0.00,0.00,0.00,0.00,0.00,"","","","","","V","","",1,0.00,"",0.00,"",0.00,"",0.00,"",0.00,"",0.00,"",0.00,"",0.00,"",0.00,"",0.00,0.00,"O",0.00,0.00,0.00,0.00,0.00,0.00,0.00,0.00,0.00,0.00,0.00,0.00,0.00,0.00,0.00,0.00,0.00,0.00,0.00,0.00,0,"C","1",0.00,0.00,0.00,0,0,"","P",0.00,0.00,0.00,0.00,405.00,0.00,0.00,0.00,0.00,0.00,0.00,0.00,0.00,0.00,0.00,0.00,0.00,0.00,0.00,0.00,0.00,"02876495000142",0.00,0.00,0.00,0.00,0.00,0.00,0.00,0.00,0.00,0.00,0.00,0.00,0.00,0.00,0.00,0.00,0.00,0.00,0.00,0.00,0.00,0.00,0.00,0.00,0.00,0.00,0,0.00,0.00,0.00
"000043","83617159000187","SC","20090514","20090514",2194,"NF","3","1124",1540.00,0,0,0.00,0.00,0.00,0.00,0.00,1540.00,"N",0.00,0.00,0.00,0.00,0.00,0.00,1540.00,"",0.00,0.00,0.00,0.00,0.00,0.00,0.00,0.00,0.00,0.00,0.00,0.00,0.00,0.00,0.00,0.00,0.00,0.00,0.00,0.00,0.00,0.00,0.00,0.00,0.00,"","","","","","P","","",1,0.00,"",0.00,"",0.00,"",0.00,"",0.00,"",0.00,"",0.00,"",0.00,"",0.00,"",0.00,0.00,"O",0.00,0.00,0.00,0.00,0.00,0.00,0.00,0.00,0.00,0.00,0.00,0.00,0.00,0.00,0.00,0.00,0.00,0.00,0.00,0.00,0,"C","1",0.00,0.00,0.00,0,0,"","P",0.00,0.00,0.00,0.00,1540.00,0.00,0.00,0.00,0.00,0.00,0.00,0.00,0.00,0.00,0.00,0.00,0.00,0.00,0.00,0.00,0.00,"02876495000142",0.00,0.00,0.00,0.00,0.00,0.00,0.00,0.00,0.00,0.00,0.00,0.00,0.00,0.00,0.00,0.00,0.00,0.00,0.00,0.00,0.00,0.00,0.00,0.00,0.00,0.00,0,0.00,0.00,0.00
"000044","83617159000187","SC","20090514","20090514",2195,"NF","3","1902",4532.50,0,0,0.00,0.00,0.00,0.00,0.00,4532.50,"N",0.00,0.00,0.00,0.00,0.00,0.00,4532.50,"",0.00,0.00,0.00,0.00,0.00,0.00,0.00,0.00,0.00,0.00,0.00,0.00,0.00,0.00,0.00,0.00,0.00,0.00,0.00,0.00,0.00,0.00,0.00,0.00,0.00,"","","","","","O","","",1,0.00,"",0.00,"",0.00,"",0.00,"",0.00,"",0.00,"",0.00,"",0.00,"",0.00,"",0.00,0.00,"O",0.00,0.00,0.00,0.00,0.00,0.00,0.00,0.00,0.00,0.00,0.00,0.00,0.00,0.00,0.00,0.00,0.00,0.00,0.00,0.00,0,"C","1",0.00,0.00,0.00,0,0,"","P",0.00,0.00,0.00,0.00,4532.50,0.00,0.00,0.00,0.00,0.00,0.00,0.00,0.00,0.00,0.00,0.00,0.00,0.00,0.00,0.00,0.00,"02876495000142",0.00,0.00,0.00,0.00,0.00,0.00,0.00,0.00,0.00,0.00,0.00,0.00,0.00,0.00,0.00,0.00,0.00,0.00,0.00,0.00,0.00,0.00,0.00,0.00,0.00,0.00,0,0.00,0.00,0.00
"000045","81771669001231","SC","20090515","20090319",726078,"NF","U","1352",105.01,0,0,0.00,105.01,12.00,12.60,0.00,0.00,"N",0.00,0.00,0.00,0.00,0.00,0.00,105.01,"",105.01,0.00,0.00,0.00,0.00,12.00,0.00,0.00,0.00,0.00,12.60,0.00,0.00,0.00,0.00,0.00,0.00,0.00,0.00,0.00,0.00,0.00,0.00,0.00,0.00,"","","","","","V","","",1,0.00,"",0.00,"",0.00,"",0.00,"",0.00,"",0.00,"",0.00,"",0.00,"",0.00,"",0.00,0.00,"O",0.00,0.00,0.00,0.00,0.00,0.00,0.00,0.00,0.00,0.00,0.00,0.00,0.00,0.00,0.00,0.00,0.00,0.00,0.00,0.00,0,"C","1",0.00,0.00,0.00,0,0,"","P",0.00,0.00,0.00,0.00,0.00,0.00,0.00,0.00,0.00,0.00,0.00,0.00,0.00,0.00,0.00,0.00,0.00,0.00,0.00,0.00,0.00,"02876495000142",0.00,0.00,0.00,0.00,0.00,0.00,0.00,0.00,0.00,0.00,0.00,0.00,0.00,0.00,0.00,0.00,0.00,0.00,0.00,0.00,0.00,0.00,0.00,0.00,0.00,0.00,0,0.00,0.00,0.00
"000046","03509521000248","BA","20090515","20090507",713,"NF","1","2921",141.40,0,0,0.00,0.00,0.00,0.00,0.00,141.40,"N",0.00,0.00,0.00,0.00,0.00,0.00,141.40,"",0.00,0.00,0.00,0.00,0.00,0.00,0.00,0.00,0.00,0.00,0.00,0.00,0.00,0.00,0.00,0.00,0.00,0.00,0.00,0.00,0.00,0.00,0.00,0.00,0.00,"","","","","","O","","",1,0.00,"",0.00,"",0.00,"",0.00,"",0.00,"",0.00,"",0.00,"",0.00,"",0.00,"",0.00,0.00,"O",0.00,0.00,0.00,0.00,0.00,0.00,0.00,0.00,0.00,0.00,0.00,0.00,0.00,0.00,0.00,0.00,0.00,0.00,0.00,0.00,0,"C","1",0.00,0.00,0.00,0,0,"","P",0.00,0.00,0.00,0.00,141.40,0.00,0.00,0.00,0.00,0.00,0.00,0.00,0.00,0.00,0.00,0.00,0.00,0.00,0.00,0.00,0.00,"02876495000142",0.00,0.00,0.00,0.00,0.00,0.00,0.00,0.00,0.00,0.00,0.00,0.00,0.00,0.00,0.00,0.00,0.00,0.00,0.00,0.00,0.00,0.00,0.00,0.00,0.00,0.00,0,0.00,0.00,0.00
"000047","03509521000248","BA","20090515","20090507",714,"NF","1","2920",3132.83,0,0,0.00,0.00,0.00,0.00,0.00,3132.83,"N",0.00,0.00,0.00,0.00,0.00,0.00,3132.83,"",0.00,0.00,0.00,0.00,0.00,0.00,0.00,0.00,0.00,0.00,0.00,0.00,0.00,0.00,0.00,0.00,0.00,0.00,0.00,0.00,0.00,0.00,0.00,0.00,0.00,"","","","","","O","","",1,0.00,"",0.00,"",0.00,"",0.00,"",0.00,"",0.00,"",0.00,"",0.00,"",0.00,"",0.00,0.00,"O",0.00,0.00,0.00,0.00,0.00,0.00,0.00,0.00,0.00,0.00,0.00,0.00,0.00,0.00,0.00,0.00,0.00,0.00,0.00,0.00,0,"C","1",0.00,0.00,0.00,0,0,"","P",0.00,0.00,0.00,0.00,3132.83,0.00,0.00,0.00,0.00,0.00,0.00,0.00,0.00,0.00,0.00,0.00,0.00,0.00,0.00,0.00,0.00,"02876495000142",0.00,0.00,0.00,0.00,0.00,0.00,0.00,0.00,0.00,0.00,0.00,0.00,0.00,0.00,0.00,0.00,0.00,0.00,0.00,0.00,0.00,0.00,0.00,0.00,0.00,0.00,0,0.00,0.00,0.00
"000048","83617159000187","SC","20090515","20090515",2196,"NF","3","1124",1600.00,0,0,0.00,0.00,0.00,0.00,0.00,1600.00,"N",0.00,0.00,0.00,0.00,0.00,0.00,1600.00,"",0.00,0.00,0.00,0.00,0.00,0.00,0.00,0.00,0.00,0.00,0.00,0.00,0.00,0.00,0.00,0.00,0.00,0.00,0.00,0.00,0.00,0.00,0.00,0.00,0.00,"","","","","","P","","",1,0.00,"",0.00,"",0.00,"",0.00,"",0.00,"",0.00,"",0.00,"",0.00,"",0.00,"",0.00,0.00,"O",0.00,0.00,0.00,0.00,0.00,0.00,0.00,0.00,0.00,0.00,0.00,0.00,0.00,0.00,0.00,0.00,0.00,0.00,0.00,0.00,0,"C","1",0.00,0.00,0.00,0,0,"","P",0.00,0.00,0.00,0.00,1600.00,0.00,0.00,0.00,0.00,0.00,0.00,0.00,0.00,0.00,0.00,0.00,0.00,0.00,0.00,0.00,0.00,"02876495000142",0.00,0.00,0.00,0.00,0.00,0.00,0.00,0.00,0.00,0.00,0.00,0.00,0.00,0.00,0.00,0.00,0.00,0.00,0.00,0.00,0.00,0.00,0.00,0.00,0.00,0.00,0,0.00,0.00,0.00
"000049","04088179000131","SC","20090515","20090515",71,"NF","2","1949",850.00,0,0,0.00,0.00,0.00,0.00,0.00,850.00,"N",0.00,0.00,0.00,0.00,0.00,0.00,850.00,"",0.00,0.00,0.00,0.00,0.00,0.00,0.00,0.00,0.00,0.00,0.00,0.00,0.00,0.00,0.00,0.00,0.00,0.00,0.00,0.00,0.00,0.00,0.00,0.00,0.00,"","","","","","O","","",1,0.00,"",0.00,"",0.00,"",0.00,"",0.00,"",0.00,"",0.00,"",0.00,"",0.00,"",0.00,0.00,"O",0.00,0.00,0.00,0.00,0.00,0.00,0.00,0.00,0.00,0.00,0.00,0.00,0.00,0.00,0.00,0.00,0.00,0.00,0.00,0.00,0,"C","1",0.00,0.00,0.00,0,0,"","P",0.00,0.00,0.00,0.00,850.00,0.00,0.00,0.00,0.00,0.00,0.00,0.00,0.00,0.00,0.00,0.00,0.00,0.00,0.00,0.00,0.00,"02876495000142",0.00,0.00,0.00,0.00,0.00,0.00,0.00,0.00,0.00,0.00,0.00,0.00,0.00,0.00,0.00,0.00,0.00,0.00,0.00,0.00,0.00,0.00,0.00,0.00,0.00,0.00,0,0.00,0.00,0.00
"000050","15179682002405","SP","20090515","20090514",4492,"NF","1","2101",33040.03,0,0,0.00,31466.70,12.00,3776.00,0.00,1573.33,"N",0.00,0.00,0.00,31466.70,1573.33,0.00,0.00,"",31466.70,0.00,0.00,0.00,0.00,12.00,0.00,0.00,0.00,0.00,3776.00,0.00,0.00,0.00,0.00,0.00,0.00,0.00,0.00,0.00,0.00,0.00,0.00,0.00,0.00,"","","","","","V","","",1,0.00,"",0.00,"",0.00,"",0.00,"",0.00,"",0.00,"",0.00,"",0.00,"",0.00,"",0.00,0.00,"O",0.00,0.00,0.00,0.00,0.00,0.00,0.00,0.00,0.00,0.00,0.00,0.00,0.00,0.00,0.00,0.00,0.00,0.00,0.00,0.00,0,"C","1",0.00,0.00,0.00,0,0,"","P",0.00,0.00,0.00,0.00,1573.33,0.00,0.00,0.00,0.00,0.00,0.00,0.00,0.00,0.00,0.00,0.00,0.00,0.00,0.00,0.00,0.00,"02876495000142",0.00,0.00,0.00,0.00,0.00,0.00,0.00,0.00,0.00,0.00,0.00,0.00,0.00,0.00,0.00,0.00,0.00,0.00,0.00,0.00,0.00,0.00,0.00,0.00,0.00,0.00,0,0.00,0.00,0.00
"000051","83617159000187","SC","20090517","20090517",2197,"NF","3","1124",880.00,0,0,0.00,0.00,0.00,0.00,0.00,880.00,"N",0.00,0.00,0.00,0.00,0.00,0.00,880.00,"",0.00,0.00,0.00,0.00,0.00,0.00,0.00,0.00,0.00,0.00,0.00,0.00,0.00,0.00,0.00,0.00,0.00,0.00,0.00,0.00,0.00,0.00,0.00,0.00,0.00,"","","","","","P","","",1,0.00,"",0.00,"",0.00,"",0.00,"",0.00,"",0.00,"",0.00,"",0.00,"",0.00,"",0.00,0.00,"O",0.00,0.00,0.00,0.00,0.00,0.00,0.00,0.00,0.00,0.00,0.00,0.00,0.00,0.00,0.00,0.00,0.00,0.00,0.00,0.00,0,"C","1",0.00,0.00,0.00,0,0,"","P",0.00,0.00,0.00,0.00,880.00,0.00,0.00,0.00,0.00,0.00,0.00,0.00,0.00,0.00,0.00,0.00,0.00,0.00,0.00,0.00,0.00,"02876495000142",0.00,0.00,0.00,0.00,0.00,0.00,0.00,0.00,0.00,0.00,0.00,0.00,0.00,0.00,0.00,0.00,0.00,0.00,0.00,0.00,0.00,0.00,0.00,0.00,0.00,0.00,0,0.00,0.00,0.00
"000052","83617159000187","SC","20090517","20090517",2198,"NF","3","1124",1265.00,0,0,0.00,0.00,0.00,0.00,0.00,1265.00,"N",0.00,0.00,0.00,0.00,0.00,0.00,1265.00,"",0.00,0.00,0.00,0.00,0.00,0.00,0.00,0.00,0.00,0.00,0.00,0.00,0.00,0.00,0.00,0.00,0.00,0.00,0.00,0.00,0.00,0.00,0.00,0.00,0.00,"","","","","","P","","",1,0.00,"",0.00,"",0.00,"",0.00,"",0.00,"",0.00,"",0.00,"",0.00,"",0.00,"",0.00,0.00,"O",0.00,0.00,0.00,0.00,0.00,0.00,0.00,0.00,0.00,0.00,0.00,0.00,0.00,0.00,0.00,0.00,0.00,0.00,0.00,0.00,0,"C","1",0.00,0.00,0.00,0,0,"","P",0.00,0.00,0.00,0.00,1265.00,0.00,0.00,0.00,0.00,0.00,0.00,0.00,0.00,0.00,0.00,0.00,0.00,0.00,0.00,0.00,0.00,"02876495000142",0.00,0.00,0.00,0.00,0.00,0.00,0.00,0.00,0.00,0.00,0.00,0.00,0.00,0.00,0.00,0.00,0.00,0.00,0.00,0.00,0.00,0.00,0.00,0.00,0.00,0.00,0,0.00,0.00,0.00
"000053","83617159000187","SC","20090517","20090517",2199,"NF","3","1124",644.55,0,0,0.00,0.00,0.00,0.00,0.00,644.55,"N",0.00,0.00,0.00,0.00,0.00,0.00,644.55,"",0.00,0.00,0.00,0.00,0.00,0.00,0.00,0.00,0.00,0.00,0.00,0.00,0.00,0.00,0.00,0.00,0.00,0.00,0.00,0.00,0.00,0.00,0.00,0.00,0.00,"","","","","","P","","",1,0.00,"",0.00,"",0.00,"",0.00,"",0.00,"",0.00,"",0.00,"",0.00,"",0.00,"",0.00,0.00,"O",0.00,0.00,0.00,0.00,0.00,0.00,0.00,0.00,0.00,0.00,0.00,0.00,0.00,0.00,0.00,0.00,0.00,0.00,0.00,0.00,0,"C","1",0.00,0.00,0.00,0,0,"","P",0.00,0.00,0.00,0.00,644.55,0.00,0.00,0.00,0.00,0.00,0.00,0.00,0.00,0.00,0.00,0.00,0.00,0.00,0.00,0.00,0.00,"02876495000142",0.00,0.00,0.00,0.00,0.00,0.00,0.00,0.00,0.00,0.00,0.00,0.00,0.00,0.00,0.00,0.00,0.00,0.00,0.00,0.00,0.00,0.00,0.00,0.00,0.00,0.00,0,0.00,0.00,0.00
"000054","56167091000109","SP","20090518","20090513",9660,"NF","1","2921",2759.00,0,0,0.00,0.00,0.00,0.00,0.00,2759.00,"N",0.00,0.00,0.00,0.00,0.00,0.00,2759.00,"",0.00,0.00,0.00,0.00,0.00,0.00,0.00,0.00,0.00,0.00,0.00,0.00,0.00,0.00,0.00,0.00,0.00,0.00,0.00,0.00,0.00,0.00,0.00,0.00,0.00,"","","","","","O","","",1,0.00,"",0.00,"",0.00,"",0.00,"",0.00,"",0.00,"",0.00,"",0.00,"",0.00,"",0.00,0.00,"O",0.00,0.00,0.00,0.00,0.00,0.00,0.00,0.00,0.00,0.00,0.00,0.00,0.00,0.00,0.00,0.00,0.00,0.00,0.00,0.00,0,"C","1",0.00,0.00,0.00,0,0,"","P",0.00,0.00,0.00,0.00,2759.00,0.00,0.00,0.00,0.00,0.00,0.00,0.00,0.00,0.00,0.00,0.00,0.00,0.00,0.00,0.00,0.00,"02876495000142",0.00,0.00,0.00,0.00,0.00,0.00,0.00,0.00,0.00,0.00,0.00,0.00,0.00,0.00,0.00,0.00,0.00,0.00,0.00,0.00,0.00,0.00,0.00,0.00,0.00,0.00,0,0.00,0.00,0.00
"000055","57010662002880","SP","20090518","20090511",1994,"NF","3","2920",2508.12,0,0,0.00,0.00,0.00,0.00,0.00,2508.12,"N",0.00,0.00,0.00,0.00,0.00,0.00,2508.12,"",0.00,0.00,0.00,0.00,0.00,0.00,0.00,0.00,0.00,0.00,0.00,0.00,0.00,0.00,0.00,0.00,0.00,0.00,0.00,0.00,0.00,0.00,0.00,0.00,0.00,"","","","","","O","","",1,0.00,"",0.00,"",0.00,"",0.00,"",0.00,"",0.00,"",0.00,"",0.00,"",0.00,"",0.00,0.00,"O",0.00,0.00,0.00,0.00,0.00,0.00,0.00,0.00,0.00,0.00,0.00,0.00,0.00,0.00,0.00,0.00,0.00,0.00,0.00,0.00,0,"C","1",0.00,0.00,0.00,0,0,"","P",0.00,0.00,0.00,0.00,2508.12,0.00,0.00,0.00,0.00,0.00,0.00,0.00,0.00,0.00,0.00,0.00,0.00,0.00,0.00,0.00,0.00,"02876495000142",0.00,0.00,0.00,0.00,0.00,0.00,0.00,0.00,0.00,0.00,0.00,0.00,0.00,0.00,0.00,0.00,0.00,0.00,0.00,0.00,0.00,0.00,0.00,0.00,0.00,0.00,0,0.00,0.00,0.00
"000056","57010662002880","SP","20090518","20090513",2179,"NF","3","2920",856.44,0,0,0.00,0.00,0.00,0.00,0.00,856.44,"N",0.00,0.00,0.00,0.00,0.00,0.00,856.44,"",0.00,0.00,0.00,0.00,0.00,0.00,0.00,0.00,0.00,0.00,0.00,0.00,0.00,0.00,0.00,0.00,0.00,0.00,0.00,0.00,0.00,0.00,0.00,0.00,0.00,"","","","","","O","","",1,0.00,"",0.00,"",0.00,"",0.00,"",0.00,"",0.00,"",0.00,"",0.00,"",0.00,"",0.00,0.00,"O",0.00,0.00,0.00,0.00,0.00,0.00,0.00,0.00,0.00,0.00,0.00,0.00,0.00,0.00,0.00,0.00,0.00,0.00,0.00,0.00,0,"C","1",0.00,0.00,0.00,0,0,"","P",0.00,0.00,0.00,0.00,856.44,0.00,0.00,0.00,0.00,0.00,0.00,0.00,0.00,0.00,0.00,0.00,0.00,0.00,0.00,0.00,0.00,"02876495000142",0.00,0.00,0.00,0.00,0.00,0.00,0.00,0.00,0.00,0.00,0.00,0.00,0.00,0.00,0.00,0.00,0.00,0.00,0.00,0.00,0.00,0.00,0.00,0.00,0.00,0.00,0,0.00,0.00,0.00
"000057","33391434000119","SP","20090518","20090513",9008,"NF","1","2101",210.08,0,0,0.00,210.08,12.00,25.21,0.00,0.00,"N",0.00,0.00,0.00,0.00,0.00,0.00,210.08,"",210.08,0.00,0.00,0.00,0.00,12.00,0.00,0.00,0.00,0.00,25.21,0.00,0.00,0.00,0.00,0.00,0.00,0.00,0.00,0.00,0.00,0.00,0.00,0.00,0.00,"","","","","","P","","",1,0.00,"",0.00,"",0.00,"",0.00,"",0.00,"",0.00,"",0.00,"",0.00,"",0.00,"",0.00,0.00,"O",0.00,0.00,0.00,0.00,0.00,0.00,0.00,0.00,0.00,0.00,0.00,0.00,0.00,0.00,0.00,0.00,0.00,0.00,0.00,0.00,0,"C","1",0.00,0.00,0.00,0,0,"","P",0.00,0.00,0.00,0.00,0.00,0.00,0.00,0.00,0.00,0.00,0.00,0.00,0.00,0.00,0.00,0.00,0.00,0.00,0.00,0.00,0.00,"02876495000142",0.00,0.00,0.00,0.00,0.00,0.00,0.00,0.00,0.00,0.00,0.00,0.00,0.00,0.00,0.00,0.00,0.00,0.00,0.00,0.00,0.00,0.00,0.00,0.00,0.00,0.00,0,0.00,0.00,0.00
"000058","57010662001999","RS","20090519","20090515",691,"NF","1","2920",491.98,0,0,0.00,0.00,0.00,0.00,0.00,491.98,"N",0.00,0.00,0.00,0.00,0.00,0.00,491.98,"",0.00,0.00,0.00,0.00,0.00,0.00,0.00,0.00,0.00,0.00,0.00,0.00,0.00,0.00,0.00,0.00,0.00,0.00,0.00,0.00,0.00,0.00,0.00,0.00,0.00,"","","","","","O","","",1,0.00,"",0.00,"",0.00,"",0.00,"",0.00,"",0.00,"",0.00,"",0.00,"",0.00,"",0.00,0.00,"O",0.00,0.00,0.00,0.00,0.00,0.00,0.00,0.00,0.00,0.00,0.00,0.00,0.00,0.00,0.00,0.00,0.00,0.00,0.00,0.00,0,"C","1",0.00,0.00,0.00,0,0,"","P",0.00,0.00,0.00,0.00,491.98,0.00,0.00,0.00,0.00,0.00,0.00,0.00,0.00,0.00,0.00,0.00,0.00,0.00,0.00,0.00,0.00,"02876495000142",0.00,0.00,0.00,0.00,0.00,0.00,0.00,0.00,0.00,0.00,0.00,0.00,0.00,0.00,0.00,0.00,0.00,0.00,0.00,0.00,0.00,0.00,0.00,0.00,0.00,0.00,0,0.00,0.00,0.00
"000059","57010662001999","RS","20090519","20090515",692,"NF","1","2920",1458.78,0,0,0.00,0.00,0.00,0.00,0.00,1458.78,"N",0.00,0.00,0.00,0.00,0.00,0.00,1458.78,"",0.00,0.00,0.00,0.00,0.00,0.00,0.00,0.00,0.00,0.00,0.00,0.00,0.00,0.00,0.00,0.00,0.00,0.00,0.00,0.00,0.00,0.00,0.00,0.00,0.00,"","","","","","O","","",1,0.00,"",0.00,"",0.00,"",0.00,"",0.00,"",0.00,"",0.00,"",0.00,"",0.00,"",0.00,0.00,"O",0.00,0.00,0.00,0.00,0.00,0.00,0.00,0.00,0.00,0.00,0.00,0.00,0.00,0.00,0.00,0.00,0.00,0.00,0.00,0.00,0,"C","1",0.00,0.00,0.00,0,0,"","P",0.00,0.00,0.00,0.00,1458.78,0.00,0.00,0.00,0.00,0.00,0.00,0.00,0.00,0.00,0.00,0.00,0.00,0.00,0.00,0.00,0.00,"02876495000142",0.00,0.00,0.00,0.00,0.00,0.00,0.00,0.00,0.00,0.00,0.00,0.00,0.00,0.00,0.00,0.00,0.00,0.00,0.00,0.00,0.00,0.00,0.00,0.00,0.00,0.00,0,0.00,0.00,0.00
"000060","83617159000187","SC","20090519","20090519",2200,"NF","3","1124",640.00,0,0,0.00,0.00,0.00,0.00,0.00,640.00,"N",0.00,0.00,0.00,0.00,0.00,0.00,640.00,"",0.00,0.00,0.00,0.00,0.00,0.00,0.00,0.00,0.00,0.00,0.00,0.00,0.00,0.00,0.00,0.00,0.00,0.00,0.00,0.00,0.00,0.00,0.00,0.00,0.00,"","","","","","P","","",1,0.00,"",0.00,"",0.00,"",0.00,"",0.00,"",0.00,"",0.00,"",0.00,"",0.00,"",0.00,0.00,"O",0.00,0.00,0.00,0.00,0.00,0.00,0.00,0.00,0.00,0.00,0.00,0.00,0.00,0.00,0.00,0.00,0.00,0.00,0.00,0.00,0,"C","1",0.00,0.00,0.00,0,0,"","P",0.00,0.00,0.00,0.00,640.00,0.00,0.00,0.00,0.00,0.00,0.00,0.00,0.00,0.00,0.00,0.00,0.00,0.00,0.00,0.00,0.00,"02876495000142",0.00,0.00,0.00,0.00,0.00,0.00,0.00,0.00,0.00,0.00,0.00,0.00,0.00,0.00,0.00,0.00,0.00,0.00,0.00,0.00,0.00,0.00,0.00,0.00,0.00,0.00,0,0.00,0.00,0.00
"000061","83617159000187","SC","20090519","20090519",2201,"NF","3","1902",7465.00,0,0,0.00,0.00,0.00,0.00,0.00,7465.00,"N",0.00,0.00,0.00,0.00,0.00,0.00,7465.00,"",0.00,0.00,0.00,0.00,0.00,0.00,0.00,0.00,0.00,0.00,0.00,0.00,0.00,0.00,0.00,0.00,0.00,0.00,0.00,0.00,0.00,0.00,0.00,0.00,0.00,"","","","","","O","","",1,0.00,"",0.00,"",0.00,"",0.00,"",0.00,"",0.00,"",0.00,"",0.00,"",0.00,"",0.00,0.00,"O",0.00,0.00,0.00,0.00,0.00,0.00,0.00,0.00,0.00,0.00,0.00,0.00,0.00,0.00,0.00,0.00,0.00,0.00,0.00,0.00,0,"C","1",0.00,0.00,0.00,0,0,"","P",0.00,0.00,0.00,0.00,7465.00,0.00,0.00,0.00,0.00,0.00,0.00,0.00,0.00,0.00,0.00,0.00,0.00,0.00,0.00,0.00,0.00,"02876495000142",0.00,0.00,0.00,0.00,0.00,0.00,0.00,0.00,0.00,0.00,0.00,0.00,0.00,0.00,0.00,0.00,0.00,0.00,0.00,0.00,0.00,0.00,0.00,0.00,0.00,0.00,0,0.00,0.00,0.00
"000062","83617159000187","SC","20090519","20090519",2202,"NF","3","1124",2720.00,0,0,0.00,0.00,0.00,0.00,0.00,2720.00,"N",0.00,0.00,0.00,0.00,0.00,0.00,2720.00,"",0.00,0.00,0.00,0.00,0.00,0.00,0.00,0.00,0.00,0.00,0.00,0.00,0.00,0.00,0.00,0.00,0.00,0.00,0.00,0.00,0.00,0.00,0.00,0.00,0.00,"","","","","","P","","",1,0.00,"",0.00,"",0.00,"",0.00,"",0.00,"",0.00,"",0.00,"",0.00,"",0.00,"",0.00,0.00,"O",0.00,0.00,0.00,0.00,0.00,0.00,0.00,0.00,0.00,0.00,0.00,0.00,0.00,0.00,0.00,0.00,0.00,0.00,0.00,0.00,0,"C","1",0.00,0.00,0.00,0,0,"","P",0.00,0.00,0.00,0.00,2720.00,0.00,0.00,0.00,0.00,0.00,0.00,0.00,0.00,0.00,0.00,0.00,0.00,0.00,0.00,0.00,0.00,"02876495000142",0.00,0.00,0.00,0.00,0.00,0.00,0.00,0.00,0.00,0.00,0.00,0.00,0.00,0.00,0.00,0.00,0.00,0.00,0.00,0.00,0.00,0.00,0.00,0.00,0.00,0.00,0,0.00,0.00,0.00
"000063","83617159000187","SC","20090519","20090519",2203,"NF","3","1902",4520.00,0,0,0.00,0.00,0.00,0.00,0.00,4520.00,"N",0.00,0.00,0.00,0.00,0.00,0.00,4520.00,"",0.00,0.00,0.00,0.00,0.00,0.00,0.00,0.00,0.00,0.00,0.00,0.00,0.00,0.00,0.00,0.00,0.00,0.00,0.00,0.00,0.00,0.00,0.00,0.00,0.00,"","","","","","O","","",1,0.00,"",0.00,"",0.00,"",0.00,"",0.00,"",0.00,"",0.00,"",0.00,"",0.00,"",0.00,0.00,"O",0.00,0.00,0.00,0.00,0.00,0.00,0.00,0.00,0.00,0.00,0.00,0.00,0.00,0.00,0.00,0.00,0.00,0.00,0.00,0.00,0,"C","1",0.00,0.00,0.00,0,0,"","P",0.00,0.00,0.00,0.00,4520.00,0.00,0.00,0.00,0.00,0.00,0.00,0.00,0.00,0.00,0.00,0.00,0.00,0.00,0.00,0.00,0.00,"02876495000142",0.00,0.00,0.00,0.00,0.00,0.00,0.00,0.00,0.00,0.00,0.00,0.00,0.00,0.00,0.00,0.00,0.00,0.00,0.00,0.00,0.00,0.00,0.00,0.00,0.00,0.00,0,0.00,0.00,0.00
"000064","83617159000187","SC","20090519","20090519",2204,"NF","3","1124",1600.00,0,0,0.00,0.00,0.00,0.00,0.00,1600.00,"N",0.00,0.00,0.00,0.00,0.00,0.00,1600.00,"",0.00,0.00,0.00,0.00,0.00,0.00,0.00,0.00,0.00,0.00,0.00,0.00,0.00,0.00,0.00,0.00,0.00,0.00,0.00,0.00,0.00,0.00,0.00,0.00,0.00,"","","","","","P","","",1,0.00,"",0.00,"",0.00,"",0.00,"",0.00,"",0.00,"",0.00,"",0.00,"",0.00,"",0.00,0.00,"O",0.00,0.00,0.00,0.00,0.00,0.00,0.00,0.00,0.00,0.00,0.00,0.00,0.00,0.00,0.00,0.00,0.00,0.00,0.00,0.00,0,"C","1",0.00,0.00,0.00,0,0,"","P",0.00,0.00,0.00,0.00,1600.00,0.00,0.00,0.00,0.00,0.00,0.00,0.00,0.00,0.00,0.00,0.00,0.00,0.00,0.00,0.00,0.00,"02876495000142",0.00,0.00,0.00,0.00,0.00,0.00,0.00,0.00,0.00,0.00,0.00,0.00,0.00,0.00,0.00,0.00,0.00,0.00,0.00,0.00,0.00,0.00,0.00,0.00,0.00,0.00,0,0.00,0.00,0.00
"000065","83617159000187","SC","20090519","20090519",2205,"NF","3","1902",7910.00,0,0,0.00,0.00,0.00,0.00,0.00,7910.00,"N",0.00,0.00,0.00,0.00,0.00,0.00,7910.00,"",0.00,0.00,0.00,0.00,0.00,0.00,0.00,0.00,0.00,0.00,0.00,0.00,0.00,0.00,0.00,0.00,0.00,0.00,0.00,0.00,0.00,0.00,0.00,0.00,0.00,"","","","","","O","","",1,0.00,"",0.00,"",0.00,"",0.00,"",0.00,"",0.00,"",0.00,"",0.00,"",0.00,"",0.00,0.00,"O",0.00,0.00,0.00,0.00,0.00,0.00,0.00,0.00,0.00,0.00,0.00,0.00,0.00,0.00,0.00,0.00,0.00,0.00,0.00,0.00,0,"C","1",0.00,0.00,0.00,0,0,"","P",0.00,0.00,0.00,0.00,7910.00,0.00,0.00,0.00,0.00,0.00,0.00,0.00,0.00,0.00,0.00,0.00,0.00,0.00,0.00,0.00,0.00,"02876495000142",0.00,0.00,0.00,0.00,0.00,0.00,0.00,0.00,0.00,0.00,0.00,0.00,0.00,0.00,0.00,0.00,0.00,0.00,0.00,0.00,0.00,0.00,0.00,0.00,0.00,0.00,0,0.00,0.00,0.00
"000066","03509521000248","BA","20090520","20090511",798,"NF","1","2921",141.40,0,0,0.00,0.00,0.00,0.00,0.00,141.40,"N",0.00,0.00,0.00,0.00,0.00,0.00,141.40,"",0.00,0.00,0.00,0.00,0.00,0.00,0.00,0.00,0.00,0.00,0.00,0.00,0.00,0.00,0.00,0.00,0.00,0.00,0.00,0.00,0.00,0.00,0.00,0.00,0.00,"","","","","","O","","",1,0.00,"",0.00,"",0.00,"",0.00,"",0.00,"",0.00,"",0.00,"",0.00,"",0.00,"",0.00,0.00,"O",0.00,0.00,0.00,0.00,0.00,0.00,0.00,0.00,0.00,0.00,0.00,0.00,0.00,0.00,0.00,0.00,0.00,0.00,0.00,0.00,0,"C","1",0.00,0.00,0.00,0,0,"","P",0.00,0.00,0.00,0.00,141.40,0.00,0.00,0.00,0.00,0.00,0.00,0.00,0.00,0.00,0.00,0.00,0.00,0.00,0.00,0.00,0.00,"02876495000142",0.00,0.00,0.00,0.00,0.00,0.00,0.00,0.00,0.00,0.00,0.00,0.00,0.00,0.00,0.00,0.00,0.00,0.00,0.00,0.00,0.00,0.00,0.00,0.00,0.00,0.00,0,0.00,0.00,0.00
"000067","03509521000248","BA","20090520","20090511",799,"NF","1","2920",3132.83,0,0,0.00,0.00,0.00,0.00,0.00,3132.83,"N",0.00,0.00,0.00,0.00,0.00,0.00,3132.83,"",0.00,0.00,0.00,0.00,0.00,0.00,0.00,0.00,0.00,0.00,0.00,0.00,0.00,0.00,0.00,0.00,0.00,0.00,0.00,0.00,0.00,0.00,0.00,0.00,0.00,"","","","","","O","","",1,0.00,"",0.00,"",0.00,"",0.00,"",0.00,"",0.00,"",0.00,"",0.00,"",0.00,"",0.00,0.00,"O",0.00,0.00,0.00,0.00,0.00,0.00,0.00,0.00,0.00,0.00,0.00,0.00,0.00,0.00,0.00,0.00,0.00,0.00,0.00,0.00,0,"C","1",0.00,0.00,0.00,0,0,"","P",0.00,0.00,0.00,0.00,3132.83,0.00,0.00,0.00,0.00,0.00,0.00,0.00,0.00,0.00,0.00,0.00,0.00,0.00,0.00,0.00,0.00,"02876495000142",0.00,0.00,0.00,0.00,0.00,0.00,0.00,0.00,0.00,0.00,0.00,0.00,0.00,0.00,0.00,0.00,0.00,0.00,0.00,0.00,0.00,0.00,0.00,0.00,0.00,0.00,0,0.00,0.00,0.00
"000068","03509521000248","BA","20090520","20090515",912,"NF","1","2921",141.40,0,0,0.00,0.00,0.00,0.00,0.00,141.40,"N",0.00,0.00,0.00,0.00,0.00,0.00,141.40,"",0.00,0.00,0.00,0.00,0.00,0.00,0.00,0.00,0.00,0.00,0.00,0.00,0.00,0.00,0.00,0.00,0.00,0.00,0.00,0.00,0.00,0.00,0.00,0.00,0.00,"","","","","","O","","",1,0.00,"",0.00,"",0.00,"",0.00,"",0.00,"",0.00,"",0.00,"",0.00,"",0.00,"",0.00,0.00,"O",0.00,0.00,0.00,0.00,0.00,0.00,0.00,0.00,0.00,0.00,0.00,0.00,0.00,0.00,0.00,0.00,0.00,0.00,0.00,0.00,0,"C","1",0.00,0.00,0.00,0,0,"","P",0.00,0.00,0.00,0.00,141.40,0.00,0.00,0.00,0.00,0.00,0.00,0.00,0.00,0.00,0.00,0.00,0.00,0.00,0.00,0.00,0.00,"02876495000142",0.00,0.00,0.00,0.00,0.00,0.00,0.00,0.00,0.00,0.00,0.00,0.00,0.00,0.00,0.00,0.00,0.00,0.00,0.00,0.00,0.00,0.00,0.00,0.00,0.00,0.00,0,0.00,0.00,0.00
"000069","03509521000248","BA","20090520","20090515",913,"NF","1","2920",3132.83,0,0,0.00,0.00,0.00,0.00,0.00,3132.83,"N",0.00,0.00,0.00,0.00,0.00,0.00,3132.83,"",0.00,0.00,0.00,0.00,0.00,0.00,0.00,0.00,0.00,0.00,0.00,0.00,0.00,0.00,0.00,0.00,0.00,0.00,0.00,0.00,0.00,0.00,0.00,0.00,0.00,"","","","","","O","","",1,0.00,"",0.00,"",0.00,"",0.00,"",0.00,"",0.00,"",0.00,"",0.00,"",0.00,"",0.00,0.00,"O",0.00,0.00,0.00,0.00,0.00,0.00,0.00,0.00,0.00,0.00,0.00,0.00,0.00,0.00,0.00,0.00,0.00,0.00,0.00,0.00,0,"C","1",0.00,0.00,0.00,0,0,"","P",0.00,0.00,0.00,0.00,3132.83,0.00,0.00,0.00,0.00,0.00,0.00,0.00,0.00,0.00,0.00,0.00,0.00,0.00,0.00,0.00,0.00,"02876495000142",0.00,0.00,0.00,0.00,0.00,0.00,0.00,0.00,0.00,0.00,0.00,0.00,0.00,0.00,0.00,0.00,0.00,0.00,0.00,0.00,0.00,0.00,0.00,0.00,0.00,0.00,0,0.00,0.00,0.00
"000070","57010662001999","RS","20090520","20090518",711,"NF","1","2920",1458.78,0,0,0.00,0.00,0.00,0.00,1458.78,0.00,"N",0.00,0.00,0.00,0.00,0.00,0.00,1458.78,"",0.00,0.00,0.00,0.00,0.00,0.00,0.00,0.00,0.00,0.00,0.00,0.00,0.00,0.00,0.00,0.00,0.00,0.00,0.00,0.00,0.00,0.00,0.00,0.00,0.00,"","","","","","O","","",1,0.00,"",0.00,"",0.00,"",0.00,"",0.00,"",0.00,"",0.00,"",0.00,"",0.00,"",0.00,0.00,"O",0.00,0.00,0.00,0.00,0.00,0.00,0.00,0.00,0.00,0.00,0.00,0.00,0.00,0.00,0.00,0.00,0.00,0.00,0.00,0.00,0,"C","1",0.00,0.00,0.00,0,0,"","P",0.00,0.00,0.00,1458.78,0.00,0.00,0.00,0.00,0.00,0.00,0.00,0.00,0.00,0.00,0.00,0.00,0.00,0.00,0.00,0.00,0.00,"02876495000142",0.00,0.00,0.00,0.00,0.00,0.00,0.00,0.00,0.00,0.00,0.00,0.00,0.00,0.00,0.00,0.00,0.00,0.00,0.00,0.00,0.00,0.00,0.00,0.00,0.00,0.00,0,0.00,0.00,0.00
"000071","57010662001999","RS","20090520","20090518",712,"NF","1","2920",491.98,0,0,0.00,0.00,0.00,0.00,0.00,491.98,"N",0.00,0.00,0.00,0.00,0.00,0.00,491.98,"",0.00,0.00,0.00,0.00,0.00,0.00,0.00,0.00,0.00,0.00,0.00,0.00,0.00,0.00,0.00,0.00,0.00,0.00,0.00,0.00,0.00,0.00,0.00,0.00,0.00,"","","","","","O","","",1,0.00,"",0.00,"",0.00,"",0.00,"",0.00,"",0.00,"",0.00,"",0.00,"",0.00,"",0.00,0.00,"O",0.00,0.00,0.00,0.00,0.00,0.00,0.00,0.00,0.00,0.00,0.00,0.00,0.00,0.00,0.00,0.00,0.00,0.00,0.00,0.00,0,"C","1",0.00,0.00,0.00,0,0,"","P",0.00,0.00,0.00,0.00,491.98,0.00,0.00,0.00,0.00,0.00,0.00,0.00,0.00,0.00,0.00,0.00,0.00,0.00,0.00,0.00,0.00,"02876495000142",0.00,0.00,0.00,0.00,0.00,0.00,0.00,0.00,0.00,0.00,0.00,0.00,0.00,0.00,0.00,0.00,0.00,0.00,0.00,0.00,0.00,0.00,0.00,0.00,0.00,0.00,0,0.00,0.00,0.00
"000072","83617159000187","SC","20090520","20090520",2206,"NF","3","1124",1155.00,0,0,0.00,0.00,0.00,0.00,0.00,1155.00,"N",0.00,0.00,0.00,0.00,0.00,0.00,1155.00,"",0.00,0.00,0.00,0.00,0.00,0.00,0.00,0.00,0.00,0.00,0.00,0.00,0.00,0.00,0.00,0.00,0.00,0.00,0.00,0.00,0.00,0.00,0.00,0.00,0.00,"","","","","","P","","",1,0.00,"",0.00,"",0.00,"",0.00,"",0.00,"",0.00,"",0.00,"",0.00,"",0.00,"",0.00,0.00,"O",0.00,0.00,0.00,0.00,0.00,0.00,0.00,0.00,0.00,0.00,0.00,0.00,0.00,0.00,0.00,0.00,0.00,0.00,0.00,0.00,0,"C","1",0.00,0.00,0.00,0,0,"","P",0.00,0.00,0.00,0.00,1155.00,0.00,0.00,0.00,0.00,0.00,0.00,0.00,0.00,0.00,0.00,0.00,0.00,0.00,0.00,0.00,0.00,"02876495000142",0.00,0.00,0.00,0.00,0.00,0.00,0.00,0.00,0.00,0.00,0.00,0.00,0.00,0.00,0.00,0.00,0.00,0.00,0.00,0.00,0.00,0.00,0.00,0.00,0.00,0.00,0,0.00,0.00,0.00
"000073","83617159000187","SC","20090520","20090520",2207,"NF","3","1124",800.00,0,0,0.00,0.00,0.00,0.00,0.00,800.00,"N",0.00,0.00,0.00,0.00,0.00,0.00,800.00,"",0.00,0.00,0.00,0.00,0.00,0.00,0.00,0.00,0.00,0.00,0.00,0.00,0.00,0.00,0.00,0.00,0.00,0.00,0.00,0.00,0.00,0.00,0.00,0.00,0.00,"","","","","","P","","",1,0.00,"",0.00,"",0.00,"",0.00,"",0.00,"",0.00,"",0.00,"",0.00,"",0.00,"",0.00,0.00,"O",0.00,0.00,0.00,0.00,0.00,0.00,0.00,0.00,0.00,0.00,0.00,0.00,0.00,0.00,0.00,0.00,0.00,0.00,0.00,0.00,0,"C","1",0.00,0.00,0.00,0,0,"","P",0.00,0.00,0.00,0.00,800.00,0.00,0.00,0.00,0.00,0.00,0.00,0.00,0.00,0.00,0.00,0.00,0.00,0.00,0.00,0.00,0.00,"02876495000142",0.00,0.00,0.00,0.00,0.00,0.00,0.00,0.00,0.00,0.00,0.00,0.00,0.00,0.00,0.00,0.00,0.00,0.00,0.00,0.00,0.00,0.00,0.00,0.00,0.00,0.00,0,0.00,0.00,0.00
"000074","83617159000187","SC","20090520","20090520",2208,"NF","3","1124",720.00,0,0,0.00,0.00,0.00,0.00,0.00,720.00,"N",0.00,0.00,0.00,0.00,0.00,0.00,720.00,"",0.00,0.00,0.00,0.00,0.00,0.00,0.00,0.00,0.00,0.00,0.00,0.00,0.00,0.00,0.00,0.00,0.00,0.00,0.00,0.00,0.00,0.00,0.00,0.00,0.00,"","","","","","P","","",1,0.00,"",0.00,"",0.00,"",0.00,"",0.00,"",0.00,"",0.00,"",0.00,"",0.00,"",0.00,0.00,"O",0.00,0.00,0.00,0.00,0.00,0.00,0.00,0.00,0.00,0.00,0.00,0.00,0.00,0.00,0.00,0.00,0.00,0.00,0.00,0.00,0,"C","1",0.00,0.00,0.00,0,0,"","P",0.00,0.00,0.00,0.00,720.00,0.00,0.00,0.00,0.00,0.00,0.00,0.00,0.00,0.00,0.00,0.00,0.00,0.00,0.00,0.00,0.00,"02876495000142",0.00,0.00,0.00,0.00,0.00,0.00,0.00,0.00,0.00,0.00,0.00,0.00,0.00,0.00,0.00,0.00,0.00,0.00,0.00,0.00,0.00,0.00,0.00,0.00,0.00,0.00,0,0.00,0.00,0.00
"000075","68474485000199","SP","20090520","20090515",413,"NF","1","2556",3781.80,0,0,0.00,0.00,0.00,0.00,0.00,3781.80,"N",0.00,0.00,0.00,0.00,0.00,0.00,3781.80,"",0.00,0.00,0.00,0.00,0.00,0.00,0.00,0.00,0.00,0.00,0.00,0.00,0.00,0.00,0.00,0.00,0.00,0.00,0.00,0.00,0.00,0.00,0.00,0.00,0.00,"","","","","","V","","",1,0.00,"",0.00,"",0.00,"",0.00,"",0.00,"",0.00,"",0.00,"",0.00,"",0.00,"",0.00,0.00,"O",0.00,0.00,0.00,0.00,0.00,0.00,0.00,0.00,0.00,0.00,0.00,0.00,0.00,0.00,0.00,0.00,0.00,0.00,0.00,0.00,0,"C","1",0.00,0.00,0.00,0,0,"","P",0.00,0.00,0.00,0.00,3781.80,0.00,0.00,0.00,0.00,0.00,0.00,0.00,0.00,0.00,0.00,0.00,0.00,0.00,0.00,0.00,0.00,"02876495000142",0.00,0.00,0.00,0.00,0.00,0.00,0.00,0.00,0.00,0.00,0.00,0.00,0.00,0.00,0.00,0.00,0.00,0.00,0.00,0.00,0.00,0.00,0.00,0.00,0.00,0.00,0,0.00,0.00,0.00
"000076","76855162000173","SC","20090520","20090519",36269,"NF","1","1556",193.00,0,0,0.00,0.00,0.00,0.00,0.00,193.00,"N",0.00,0.00,0.00,0.00,0.00,0.00,193.00,"",0.00,0.00,0.00,0.00,0.00,0.00,0.00,0.00,0.00,0.00,0.00,0.00,0.00,0.00,0.00,0.00,0.00,0.00,0.00,0.00,0.00,0.00,0.00,0.00,0.00,"","","","","","P","","",1,0.00,"",0.00,"",0.00,"",0.00,"",0.00,"",0.00,"",0.00,"",0.00,"",0.00,"",0.00,0.00,"O",0.00,0.00,0.00,0.00,0.00,0.00,0.00,0.00,0.00,0.00,0.00,0.00,0.00,0.00,0.00,0.00,0.00,0.00,0.00,0.00,0,"C","1",0.00,0.00,0.00,0,0,"","P",0.00,0.00,0.00,0.00,193.00,0.00,0.00,0.00,0.00,0.00,0.00,0.00,0.00,0.00,0.00,0.00,0.00,0.00,0.00,0.00,0.00,"02876495000142",0.00,0.00,0.00,0.00,0.00,0.00,0.00,0.00,0.00,0.00,0.00,0.00,0.00,0.00,0.00,0.00,0.00,0.00,0.00,0.00,0.00,0.00,0.00,0.00,0.00,0.00,0,0.00,0.00,0.00
"000077","00682614000109","SC","20090522","20090522",45498,"NF","2","1556",679.75,0,0,0.00,0.00,0.00,0.00,0.00,679.75,"N",0.00,0.00,0.00,0.00,0.00,0.00,679.75,"",0.00,0.00,0.00,0.00,0.00,0.00,0.00,0.00,0.00,0.00,0.00,0.00,0.00,0.00,0.00,0.00,0.00,0.00,0.00,0.00,0.00,0.00,0.00,0.00,0.00,"","","","","","P","","",1,0.00,"",0.00,"",0.00,"",0.00,"",0.00,"",0.00,"",0.00,"",0.00,"",0.00,"",0.00,0.00,"O",0.00,0.00,0.00,0.00,0.00,0.00,0.00,0.00,0.00,0.00,0.00,0.00,0.00,0.00,0.00,0.00,0.00,0.00,0.00,0.00,0,"C","1",0.00,0.00,0.00,0,0,"","P",0.00,0.00,0.00,0.00,679.75,0.00,0.00,0.00,0.00,0.00,0.00,0.00,0.00,0.00,0.00,0.00,0.00,0.00,0.00,0.00,0.00,"02876495000142",0.00,0.00,0.00,0.00,0.00,0.00,0.00,0.00,0.00,0.00,0.00,0.00,0.00,0.00,0.00,0.00,0.00,0.00,0.00,0.00,0.00,0.00,0.00,0.00,0.00,0.00,0,0.00,0.00,0.00
"000078","83617159000187","SC","20090522","20090522",2209,"NF","3","1556",220.00,0,0,0.00,0.00,0.00,0.00,0.00,220.00,"N",0.00,0.00,0.00,0.00,0.00,0.00,220.00,"",0.00,0.00,0.00,0.00,0.00,0.00,0.00,0.00,0.00,0.00,0.00,0.00,0.00,0.00,0.00,0.00,0.00,0.00,0.00,0.00,0.00,0.00,0.00,0.00,0.00,"","","","","","P","","",1,0.00,"",0.00,"",0.00,"",0.00,"",0.00,"",0.00,"",0.00,"",0.00,"",0.00,"",0.00,0.00,"O",0.00,0.00,0.00,0.00,0.00,0.00,0.00,0.00,0.00,0.00,0.00,0.00,0.00,0.00,0.00,0.00,0.00,0.00,0.00,0.00,0,"C","1",0.00,0.00,0.00,0,0,"","P",0.00,0.00,0.00,0.00,220.00,0.00,0.00,0.00,0.00,0.00,0.00,0.00,0.00,0.00,0.00,0.00,0.00,0.00,0.00,0.00,0.00,"02876495000142",0.00,0.00,0.00,0.00,0.00,0.00,0.00,0.00,0.00,0.00,0.00,0.00,0.00,0.00,0.00,0.00,0.00,0.00,0.00,0.00,0.00,0.00,0.00,0.00,0.00,0.00,0,0.00,0.00,0.00
"000079","83617159000187","SC","20090522","20090522",2210,"NF","3","1124",1440.00,0,0,0.00,0.00,0.00,0.00,0.00,1440.00,"N",0.00,0.00,0.00,0.00,0.00,0.00,1440.00,"",0.00,0.00,0.00,0.00,0.00,0.00,0.00,0.00,0.00,0.00,0.00,0.00,0.00,0.00,0.00,0.00,0.00,0.00,0.00,0.00,0.00,0.00,0.00,0.00,0.00,"","","","","","P","","",1,0.00,"",0.00,"",0.00,"",0.00,"",0.00,"",0.00,"",0.00,"",0.00,"",0.00,"",0.00,0.00,"O",0.00,0.00,0.00,0.00,0.00,0.00,0.00,0.00,0.00,0.00,0.00,0.00,0.00,0.00,0.00,0.00,0.00,0.00,0.00,0.00,0,"C","1",0.00,0.00,0.00,0,0,"","P",0.00,0.00,0.00,0.00,1440.00,0.00,0.00,0.00,0.00,0.00,0.00,0.00,0.00,0.00,0.00,0.00,0.00,0.00,0.00,0.00,0.00,"02876495000142",0.00,0.00,0.00,0.00,0.00,0.00,0.00,0.00,0.00,0.00,0.00,0.00,0.00,0.00,0.00,0.00,0.00,0.00,0.00,0.00,0.00,0.00,0.00,0.00,0.00,0.00,0,0.00,0.00,0.00
"000080","83617159000187","SC","20090522","20090522",2211,"NF","3","1124",825.00,0,0,0.00,0.00,0.00,0.00,0.00,825.00,"N",0.00,0.00,0.00,0.00,0.00,0.00,825.00,"",0.00,0.00,0.00,0.00,0.00,0.00,0.00,0.00,0.00,0.00,0.00,0.00,0.00,0.00,0.00,0.00,0.00,0.00,0.00,0.00,0.00,0.00,0.00,0.00,0.00,"","","","","","P","","",1,0.00,"",0.00,"",0.00,"",0.00,"",0.00,"",0.00,"",0.00,"",0.00,"",0.00,"",0.00,0.00,"O",0.00,0.00,0.00,0.00,0.00,0.00,0.00,0.00,0.00,0.00,0.00,0.00,0.00,0.00,0.00,0.00,0.00,0.00,0.00,0.00,0,"C","1",0.00,0.00,0.00,0,0,"","P",0.00,0.00,0.00,0.00,825.00,0.00,0.00,0.00,0.00,0.00,0.00,0.00,0.00,0.00,0.00,0.00,0.00,0.00,0.00,0.00,0.00,"02876495000142",0.00,0.00,0.00,0.00,0.00,0.00,0.00,0.00,0.00,0.00,0.00,0.00,0.00,0.00,0.00,0.00,0.00,0.00,0.00,0.00,0.00,0.00,0.00,0.00,0.00,0.00,0,0.00,0.00,0.00
"000081","83617159000187","SC","20090522","20090522",2212,"NF","3","1124",360.00,0,0,0.00,0.00,0.00,0.00,0.00,360.00,"N",0.00,0.00,0.00,0.00,0.00,0.00,360.00,"",0.00,0.00,0.00,0.00,0.00,0.00,0.00,0.00,0.00,0.00,0.00,0.00,0.00,0.00,0.00,0.00,0.00,0.00,0.00,0.00,0.00,0.00,0.00,0.00,0.00,"","","","","","P","","",1,0.00,"",0.00,"",0.00,"",0.00,"",0.00,"",0.00,"",0.00,"",0.00,"",0.00,"",0.00,0.00,"O",0.00,0.00,0.00,0.00,0.00,0.00,0.00,0.00,0.00,0.00,0.00,0.00,0.00,0.00,0.00,0.00,0.00,0.00,0.00,0.00,0,"C","1",0.00,0.00,0.00,0,0,"","P",0.00,0.00,0.00,0.00,360.00,0.00,0.00,0.00,0.00,0.00,0.00,0.00,0.00,0.00,0.00,0.00,0.00,0.00,0.00,0.00,0.00,"02876495000142",0.00,0.00,0.00,0.00,0.00,0.00,0.00,0.00,0.00,0.00,0.00,0.00,0.00,0.00,0.00,0.00,0.00,0.00,0.00,0.00,0.00,0.00,0.00,0.00,0.00,0.00,0,0.00,0.00,0.00
"000082","83617159000187","SC","20090525","20090525",2213,"NF","3","1902",4605.00,0,0,0.00,0.00,0.00,0.00,0.00,4605.00,"N",0.00,0.00,0.00,0.00,0.00,0.00,4605.00,"",0.00,0.00,0.00,0.00,0.00,0.00,0.00,0.00,0.00,0.00,0.00,0.00,0.00,0.00,0.00,0.00,0.00,0.00,0.00,0.00,0.00,0.00,0.00,0.00,0.00,"","","","","","O","","",1,0.00,"",0.00,"",0.00,"",0.00,"",0.00,"",0.00,"",0.00,"",0.00,"",0.00,"",0.00,0.00,"O",0.00,0.00,0.00,0.00,0.00,0.00,0.00,0.00,0.00,0.00,0.00,0.00,0.00,0.00,0.00,0.00,0.00,0.00,0.00,0.00,0,"C","1",0.00,0.00,0.00,0,0,"","P",0.00,0.00,0.00,0.00,4605.00,0.00,0.00,0.00,0.00,0.00,0.00,0.00,0.00,0.00,0.00,0.00,0.00,0.00,0.00,0.00,0.00,"02876495000142",0.00,0.00,0.00,0.00,0.00,0.00,0.00,0.00,0.00,0.00,0.00,0.00,0.00,0.00,0.00,0.00,0.00,0.00,0.00,0.00,0.00,0.00,0.00,0.00,0.00,0.00,0,0.00,0.00,0.00
"000083","83617159000187","SC","20090526","20090526",2214,"NF","3","1124",735.00,0,0,0.00,0.00,0.00,0.00,0.00,735.00,"N",0.00,0.00,0.00,0.00,0.00,0.00,735.00,"",0.00,0.00,0.00,0.00,0.00,0.00,0.00,0.00,0.00,0.00,0.00,0.00,0.00,0.00,0.00,0.00,0.00,0.00,0.00,0.00,0.00,0.00,0.00,0.00,0.00,"","","","","","P","","",1,0.00,"",0.00,"",0.00,"",0.00,"",0.00,"",0.00,"",0.00,"",0.00,"",0.00,"",0.00,0.00,"O",0.00,0.00,0.00,0.00,0.00,0.00,0.00,0.00,0.00,0.00,0.00,0.00,0.00,0.00,0.00,0.00,0.00,0.00,0.00,0.00,0,"C","1",0.00,0.00,0.00,0,0,"","P",0.00,0.00,0.00,0.00,735.00,0.00,0.00,0.00,0.00,0.00,0.00,0.00,0.00,0.00,0.00,0.00,0.00,0.00,0.00,0.00,0.00,"02876495000142",0.00,0.00,0.00,0.00,0.00,0.00,0.00,0.00,0.00,0.00,0.00,0.00,0.00,0.00,0.00,0.00,0.00,0.00,0.00,0.00,0.00,0.00,0.00,0.00,0.00,0.00,0,0.00,0.00,0.00
"000084","83617159000187","SC","20090526","20090526",2216,"NF","3","1124",1200.00,0,0,0.00,0.00,0.00,0.00,0.00,1200.00,"N",0.00,0.00,0.00,0.00,0.00,0.00,1200.00,"",0.00,0.00,0.00,0.00,0.00,0.00,0.00,0.00,0.00,0.00,0.00,0.00,0.00,0.00,0.00,0.00,0.00,0.00,0.00,0.00,0.00,0.00,0.00,0.00,0.00,"","","","","","P","","",1,0.00,"",0.00,"",0.00,"",0.00,"",0.00,"",0.00,"",0.00,"",0.00,"",0.00,"",0.00,0.00,"O",0.00,0.00,0.00,0.00,0.00,0.00,0.00,0.00,0.00,0.00,0.00,0.00,0.00,0.00,0.00,0.00,0.00,0.00,0.00,0.00,0,"C","1",0.00,0.00,0.00,0,0,"","P",0.00,0.00,0.00,0.00,1200.00,0.00,0.00,0.00,0.00,0.00,0.00,0.00,0.00,0.00,0.00,0.00,0.00,0.00,0.00,0.00,0.00,"02876495000142",0.00,0.00,0.00,0.00,0.00,0.00,0.00,0.00,0.00,0.00,0.00,0.00,0.00,0.00,0.00,0.00,0.00,0.00,0.00,0.00,0.00,0.00,0.00,0.00,0.00,0.00,0,0.00,0.00,0.00
"000085","75801936000110","PR","20090526","20090525",109126,"NF","1","2101",19904.80,0,0,0.00,19904.80,12.00,2388.58,0.00,0.00,"N",0.00,0.00,0.00,0.00,0.00,0.00,19904.80,"",19904.80,0.00,0.00,0.00,0.00,12.00,0.00,0.00,0.00,0.00,2388.58,0.00,0.00,0.00,0.00,0.00,0.00,0.00,0.00,0.00,0.00,0.00,0.00,0.00,0.00,"","","","","","P","","",1,0.00,"",0.00,"",0.00,"",0.00,"",0.00,"",0.00,"",0.00,"",0.00,"",0.00,"",0.00,0.00,"O",0.00,0.00,0.00,0.00,0.00,0.00,0.00,0.00,0.00,0.00,0.00,0.00,0.00,0.00,0.00,0.00,0.00,0.00,0.00,0.00,0,"C","1",0.00,0.00,0.00,0,0,"","P",0.00,0.00,0.00,0.00,0.00,0.00,0.00,0.00,0.00,0.00,0.00,0.00,0.00,0.00,0.00,0.00,0.00,0.00,0.00,0.00,0.00,"02876495000142",0.00,0.00,0.00,0.00,0.00,0.00,0.00,0.00,0.00,0.00,0.00,0.00,0.00,0.00,0.00,0.00,0.00,0.00,0.00,0.00,0.00,0.00,0.00,0.00,0.00,0.00,0,0.00,0.00,0.00
"000086","80157100000165","SC","20090527","20090526",9823,"NF","2","1556",70.00,0,0,0.00,0.00,0.00,0.00,0.00,70.00,"N",0.00,0.00,0.00,0.00,0.00,0.00,70.00,"",0.00,0.00,0.00,0.00,0.00,0.00,0.00,0.00,0.00,0.00,0.00,0.00,0.00,0.00,0.00,0.00,0.00,0.00,0.00,0.00,0.00,0.00,0.00,0.00,0.00,"","","","","","P","","",1,0.00,"",0.00,"",0.00,"",0.00,"",0.00,"",0.00,"",0.00,"",0.00,"",0.00,"",0.00,0.00,"O",0.00,0.00,0.00,0.00,0.00,0.00,0.00,0.00,0.00,0.00,0.00,0.00,0.00,0.00,0.00,0.00,0.00,0.00,0.00,0.00,0,"C","1",0.00,0.00,0.00,0,0,"","P",0.00,0.00,0.00,0.00,70.00,0.00,0.00,0.00,0.00,0.00,0.00,0.00,0.00,0.00,0.00,0.00,0.00,0.00,0.00,0.00,0.00,"02876495000142",0.00,0.00,0.00,0.00,0.00,0.00,0.00,0.00,0.00,0.00,0.00,0.00,0.00,0.00,0.00,0.00,0.00,0.00,0.00,0.00,0.00,0.00,0.00,0.00,0.00,0.00,0,0.00,0.00,0.00
"000087","53155594000176","SP","20090527","20090525",151640,"NF","1","2101",22072.05,0,0,0.00,21021.00,12.00,2522.52,0.00,1051.05,"N",0.00,0.00,0.00,21021.00,1051.05,0.00,0.00,"",21021.00,0.00,0.00,0.00,0.00,12.00,0.00,0.00,0.00,0.00,2522.52,0.00,0.00,0.00,0.00,0.00,0.00,0.00,0.00,0.00,0.00,0.00,0.00,0.00,0.00,"","","","","","P","","",1,0.00,"",0.00,"",0.00,"",0.00,"",0.00,"",0.00,"",0.00,"",0.00,"",0.00,"",0.00,0.00,"O",0.00,0.00,0.00,0.00,0.00,0.00,0.00,0.00,0.00,0.00,0.00,0.00,0.00,0.00,0.00,0.00,0.00,0.00,0.00,0.00,0,"C","1",0.00,0.00,0.00,0,0,"","P",0.00,0.00,0.00,0.00,1051.05,0.00,0.00,0.00,0.00,0.00,0.00,0.00,0.00,0.00,0.00,0.00,0.00,0.00,0.00,0.00,0.00,"02876495000142",0.00,0.00,0.00,0.00,0.00,0.00,0.00,0.00,0.00,0.00,0.00,0.00,0.00,0.00,0.00,0.00,0.00,0.00,0.00,0.00,0.00,0.00,0.00,0.00,0.00,0.00,0,0.00,0.00,0.00
"000088","",".","20090528","20090528",357,"NF","2","3101",91570.57,0,0,0.00,91570.57,17.00,15567.00,0.00,0.00,"N",0.00,0.00,0.00,65151.60,3257.58,0.00,23161.39,"",91570.57,0.00,0.00,0.00,0.00,17.00,0.00,0.00,0.00,0.00,15567.00,0.00,0.00,0.00,0.00,0.00,0.00,0.00,0.00,0.00,0.00,0.00,0.00,0.00,0.00,"","","","","","O","","",1,0.00,"",0.00,"",0.00,"",0.00,"",0.00,"",0.00,"",0.00,"",0.00,"",0.00,"",0.00,0.00,"O",0.00,0.00,0.00,0.00,0.00,0.00,0.00,0.00,0.00,0.00,0.00,0.00,0.00,0.00,0.00,0.00,0.00,0.00,0.00,0.00,0,"C","1",0.00,0.00,0.00,0,0,"","P",0.00,0.00,0.00,0.00,0.00,0.00,0.00,0.00,0.00,0.00,0.00,0.00,0.00,0.00,0.00,0.00,0.00,0.00,0.00,0.00,0.00,"02876495000142",0.00,0.00,0.00,0.00,0.00,0.00,0.00,0.00,0.00,0.00,0.00,0.00,0.00,0.00,0.00,0.00,0.00,0.00,0.00,0.00,0.00,0.00,0.00,0.00,0.00,0.00,0,0.00,0.00,0.00
"000089","08336783000190","SC","20090528","20090528",305891,"NF","U","1252",6394.52,0,0,0.00,5042.55,25.00,1260.64,0.00,1351.97,"N",0.00,0.00,0.00,0.00,0.00,0.00,6394.52,"",5042.55,0.00,0.00,0.00,0.00,25.00,0.00,0.00,0.00,0.00,1260.64,0.00,0.00,0.00,0.00,0.00,0.00,0.00,0.00,0.00,0.00,0.00,0.00,0.00,0.00,"","","","","","V","","",1,0.00,"",0.00,"",0.00,"",0.00,"",0.00,"",0.00,"",0.00,"",0.00,"",0.00,"",0.00,0.00,"O",0.00,0.00,0.00,0.00,0.00,0.00,0.00,0.00,0.00,0.00,0.00,0.00,0.00,0.00,0.00,0.00,0.00,0.00,0.00,0.00,0,"C","1",0.00,0.00,0.00,0,0,"","P",0.00,0.00,0.00,0.00,1351.97,0.00,0.00,0.00,0.00,0.00,0.00,0.00,0.00,0.00,0.00,0.00,0.00,0.00,0.00,0.00,0.00,"02876495000142",0.00,0.00,0.00,0.00,0.00,0.00,0.00,0.00,0.00,0.00,0.00,0.00,0.00,0.00,0.00,0.00,0.00,0.00,0.00,0.00,0.00,0.00,0.00,0.00,0.00,0.00,0,0.00,0.00,0.00
"000090","83617159000187","SC","20090529","20090529",358,"NF","2","1902",1000.00,0,0,0.00,0.00,0.00,0.00,1000.00,0.00,"N",0.00,0.00,0.00,0.00,0.00,0.00,1000.00,"",0.00,0.00,0.00,0.00,0.00,0.00,0.00,0.00,0.00,0.00,0.00,0.00,0.00,0.00,0.00,0.00,0.00,0.00,0.00,0.00,0.00,0.00,0.00,0.00,0.00,"","","","","","O","","",1,0.00,"",0.00,"",0.00,"",0.00,"",0.00,"",0.00,"",0.00,"",0.00,"",0.00,"",0.00,0.00,"O",0.00,0.00,0.00,0.00,0.00,0.00,0.00,0.00,0.00,0.00,0.00,0.00,0.00,0.00,0.00,0.00,0.00,0.00,0.00,0.00,0,"C","1",0.00,0.00,0.00,0,0,"","P",0.00,0.00,0.00,1000.00,0.00,0.00,0.00,0.00,0.00,0.00,0.00,0.00,0.00,0.00,0.00,0.00,0.00,0.00,0.00,0.00,0.00,"02876495000142",0.00,0.00,0.00,0.00,0.00,0.00,0.00,0.00,0.00,0.00,0.00,0.00,0.00,0.00,0.00,0.00,0.00,0.00,0.00,0.00,0.00,0.00,0.00,0.00,0.00,0.00,0,0.00,0.00,0.00
"000091","83617159000187","SC","20090530","20090530",360,"NF","2","1902",100.00,0,0,0.00,0.00,0.00,0.00,100.00,0.00,"N",0.00,0.00,0.00,0.00,0.00,0.00,100.00,"",0.00,0.00,0.00,0.00,0.00,0.00,0.00,0.00,0.00,0.00,0.00,0.00,0.00,0.00,0.00,0.00,0.00,0.00,0.00,0.00,0.00,0.00,0.00,0.00,0.00,"","","","","","O","","",1,0.00,"",0.00,"",0.00,"",0.00,"",0.00,"",0.00,"",0.00,"",0.00,"",0.00,"",0.00,0.00,"O",0.00,0.00,0.00,0.00,0.00,0.00,0.00,0.00,0.00,0.00,0.00,0.00,0.00,0.00,0.00,0.00,0.00,0.00,0.00,0.00,0,"C","1",0.00,0.00,0.00,0,0,"","P",0.00,0.00,0.00,100.00,0.00,0.00,0.00,0.00,0.00,0.00,0.00,0.00,0.00,0.00,0.00,0.00,0.00,0.00,0.00,0.00,0.00,"02876495000142",0.00,0.00,0.00,0.00,0.00,0.00,0.00,0.00,0.00,0.00,0.00,0.00,0.00,0.00,0.00,0.00,0.00,0.00,0.00,0.00,0.00,0.00,0.00,0.00,0.00,0.00,0,0.00,0.00,0.00
