20  00487023900ANTENOR FELIPPE                                   
2100253007240FRETTA & FRETTA LTDA                              0620101232112333100089
2201011020000000001270555700000000012265692000000000020354020000000000008562000000000000354245
2201011520000000001749314600000000010207593000000000017352330000000000005658000000000007228973
2201012020000000000466508600000000003089567000000000005252210000000000001586900000000001559650
2201013530000000000043274000000000000364992000000000000502810000000000006774800000000000000000
2201014030000000001911626600000000000000000000000000000000000000000000010440000000000019011866
2201014110000000000429447400000000000000000000000000000000000000000000001164500000000004282829
2201016050000000000000000000000000000000000000000000017755440000000000000000000000000000000000
2201019130000000000981867000000000000000000000000000000000000000000000981867000000000000000000
2201019160000000000063463700000000000000000000000000000000000000000000063463700000000000000000
2201019490000000000008807900000000000052448000000000000089170000000000000000000000000000035631
2201021020000000005023111600000000043544985000000000048184280000000000463750500000000002048626
2201022020000000000015390900000000000153909000000000000184690000000000000000000000000000000000
2201023530000000000215383900000000002085689000000000002466410000000000006815000000000000000000
2201024030000000002811981900000000000000000000000000000000000000000000111210000000000027007719
2201029100000000000279239700000000002288904000000000002746680000000000011880000000000000384693
2201029160000000000014490200000000000000000000000000000000000000000000014490200000000000000000
2201029490000000000583949000000000005827295000000000006980750000000000000507700000000000007118
2302051020000000006148010400000000061156405000000000103964240000000000025029900000000000073400
2302051520000000005898668100000000032394382000000000055069880000000000028998300000000026302316
2302052020000000000017954100000000000179541000000000000305210000000000000000000000000000000000
2302054050000000004350013400000000000000000000000000000000000000000000042898400000000043071150
2302054110000000000000523400000000000004707000000000000008000000000000000000000000000000000527
2302059100000000000006180000000000000017900000000000000030430000000000000000000000000000043900
2302059120000000001488169000000000000000000000000000000000000000000001488169000000000000000000
2302059150000000000067912800000000000000000000000000000000000000000000067912800000000000000000
2302059490000000000010257900000000000102448000000000000174170000000000000000000000000000000131
2302061020000000000056065900000000000560659000000000000953100000000000000000000000000000000000
2302062020000000000060331700000000000521418000000000000625660000000000000000000000000000081899
2302064040000000000008019000000000000000000000000000000000000000000000000000000000000000080190
2302064110000000000000712800000000000000000000000000000000000000000000000000000000000000007128
2302069150000000000027500300000000000000000000000000000000000000000000027500300000000000000000
2302069490000000000090813000000000000885935000000000001063120000000000001000000000000000012195
240301000000000158684127
240302000000000079881074
240303000000000012186879
240304000000000016881703
240305000000000061921350
240306000000000182311318
240307000000000095823395
240308000000000016219381
240309000000000016815087
240310000000000069672836
250401000000000016219381
250499000000000016219381
260502000000000010411335
260599000000000010411335
300901000000000016219381
300902000000000001775544
300904000000000017994925
300905000000000010411335
300907500000000000946309
300908000000000011357644
300912000000000006637281
300999900000000006637281
321106000000000026805345
321107000000000002895960
321107500000000000251764
321108000000000003147724
321117000000000003147724
321199900000000003147724
331211449100720100000000000663728110014000000000000000
331221473100720100000000000314772410049000000000000000
46460011010600070590030000000000000130914
46460021010600070637010000000000094500014
46469900000000000000000000000000094630900
4949AM0000000000605054000000000001781180000000000042693600000000000000000000000000000000000
4949CE0000000000013273200000000000132732000000000000000000000000000000000000000000000000000
4949ES0000000000624751700000000005950012000000000002975050000000000000000000000000000000000
4949MG0000000000451972900000000000316467000000000042032620000000000000000000000000000000000
4949PB0000000000012370800000000000123708000000000000000000000000000000000000000000000000000
4949PR0000000001177395000000000010660151000000000011137990000000000000000000000000000000000
4949RJ0000000000018731500000000000004500000000000001828150000000000000000000000000000000000
4949RN0000000000039594000000000000395940000000000000000000000000000000000000000000000000000
4949RS0000000002898801800000000015490852000000000134971660000000000000000000000000000000000
4949SC0000000006925238400000000025984021000000000432683630000000000000000000000000000000000
4949SP0000000003101229400000000019041511000000000119707830000000000000000000000000000000000
4949TT0000000015868412700000000079881074000000000788030530000000000000000000000000000000000
5050PR000000000002300570000000000000000000000000000220782000000000000000000000000000000927500000000000000000
5050RS000000000015877510000000000000000000000000001295620000000000000000000000000000029213100000000000000000
5050SC000000001798768910000000000000000000000000093855383000000000000000000000000008602150800000000000000000
5050SP000000000006166190000000000000000000000000000451610000000000000000000000000000016500900000000000000000
5050TT000000001823113180000000000000000000000000095823395000000000000000000000000008648792300000000000000000
808001000000000358811673
808002000000000359254521
808003000000001214838043
818111000000001131547669
818111100000000076448177
818111300000000473786347
818112100000000553756765
818112800000000027556380
818115000000000248726294
818115500000000248726294
818119900000001380273963
828221000000000518296516
828221100000000414962882
828221500000000103333634
828227000000000861977447
828227100000000110240400
828227800000000751737047
828229900000001380273963
838331000000002040392181
838331100000000485360513
838332000000001555031668
838332300000001080008300
838333000000000475023368
838333100000000000000000
838333300000000061951904
838333500000000436583393
838334000000000100391879
838334100000000000000000
838334300000000000000000
838334500000000000000000
838335000000000100391879
838335100000000000000000
838335300000000022720736
838336000000000077671143
838336100000000000000000
838336300000000008038641
838339900000000069632502
848441100000000006960000
848441200000000175330609
848443100000000011347483
848442100000000063530061
848442200000000001436444
848442300000000000259755
848442400000000002618198
848443200000000005012221
848443300000000006507217
848445100000000008287689
848444200000000004047995
848446100000000027154130
848449800000000040953624
848449900000000353445426
98  00135
99  0013700001
