54183700,
54101200,
53872000,
54101900,
54098801,
54098802,
54182200,
54179700,
54014300,
54041700,
53735402,
54015900,
54015901,
54015903,
54015904,
54135200,
54135201,
54135202,
54016002,
54016003,
54016004,
54016006,
54123000,
54123001,
54123002,
53855600,
53855603,
53929800,
53929801,
53923200,
53923201,
53923202,
54004000,
16743900,
16719700,
53929200,
53929201,
53929202,
53929204,
53929205,
54228500,
54228501,
53659400,
53659401,
54228900,
53790800,
53541900,
53541901,
53541902,
53630200,
54228800,
54228801,
54228802,
54147500,
54147501,
53790700,
53915000,
53915002,
53915101,
53915104,
53790301,
54003800,
54228600,
54228601,
16740200,
54183100,
54183101,
54135900,
54135901,
54135902,
54135903,
54136000,
54136001,
54186400,
54186401,
54186402,
54108600,
54108601,
16635100,
16636900,
53887300,
54151500,
54151501,
16681700,
16687400,
16680500,
16681100,
16677300,
16680700,
16681400,
16680800,
16681300,
16680200,
16680900,
16681500,
16687500,
16680400,
16639400,
16670100,
53717501,
53717505,
53717506,
54123100,
16575800,
53946100,
16782201,
54041400,
54041401,
54041403,
53543100,
53543102,
53543103,
53543106,
54014200,
54014201,
54014202,
54014203,
54230900,
54230901,
53807000,
53855500,
53855501,
53855502,
53855503,
53855506,
53855507,
54061000,
54226000,
54238000,
54041300,
54041301,
54041500,
54041501,
54041506,
54041600,
54041601,
53992000,
53992001,
53992002,
53992200,
53992202,
54002201,
54002202,
54002500,
54002502,
53992100,
53992101,
54002300,
54002302,
53895600,
53895601,
53895602,
53895603,
16764800,
53895502,
54016600,
53895000,
16610200,
53953001,
53953002,
53953003,
53953004,
53953007,
53953008,
54014400,
54014401,
53535302,
53535308,
53535309,
53535310,
54025800,
54025801,
54238100,
53809800,
53809802,
54004100,
53790600,
53790601,
53790602,
53790603,
53790604,
53790607,
54003900,
53790500,
53790501,
53790505,
54228700,
54228701,
53670802,
53670803,
21010200,
20110900,
20065900,
20109500,
20101500,
20101501,
53659700,
53533500,
21010100,
21010400,
21010401,
54020500,
20491800,
20491801,
20020100,
20020101,
54020400,
54132200,
54132201,
54132202,
21020100,
20000900,
53756700,
22028108,
54022600,
54022602,
54022603,
54022604,
54022607,
54022608,
54022609,
54022611,
54022612,
54022614,
20104100,
20018100,
53760000,
54097400,
54097401,
54097402,
54097403,
54097405,
53687700